2359
8809 1981 4644
6276 5106 8925
5655 1120 3365
5893 2251 6413
7536 3671 1405
6010 2193 7755
4566 9088 3189
6517 4730 8284
1388 9971 3424
4268 9752 2418
2154 8510 7652
9585 7226 6157
1115 8466 4979
2368 4501 6956
1295 2053 8134
6762 9533 8259
8659 6338 1164
5820 4933 3259
6072 2228 5409
8164 9826 9936
1042 4220 8129
4756 4197 7591
9168 8913 5987
9536 9823 7572
3413 1869 9521
3264 3509 9427
2443 6122 1460
4262 3844 8556
2289 6379 4079
2273 6052 1639
5642 4321 9233
3832 6942 6059
9376 2329 4811
1273 2961 9150
8951 3013 6215
9260 1075 8392
4246 6148 9263
4115 1485 9619
4575 4323 7832
7352 7992 2084
4896 1424 2447
8099 8259 6220
8776 9867 4301
7986 7789 4650
2454 5500 8148
9441 8347 6829
7131 4939 2253
6731 3744 3178
2843 3198 9600
1833 1307 3121
6717 7932 9921
2374 6621 9743
5759 9434 8028
8692 4435 9094
1561 1689 8449
9353 5873 2820
1595 3757 5555
8864 4111 8460
8624 4665 7372
2656 1082 9716
7284 1965 2210
2044 1113 3466
4764 9491 5583
6028 8408 4581
1895 2567 9085
5066 7144 1238
3575 2134 6134
4339 7678 5803
8100 1054 4552
6195 1167 2424
9369 7186 5478
6904 9665 8669
5848 2452 6454
7473 4418 2776
6954 2534 6407
4444 4847 4228
2213 4235 1359
3241 9361 9678
4903 7478 9088
9177 2310 7616
6280 3676 6589
2165 5077 1889
1718 4032 2381
3783 9245 4604
7963 7327 7279
4249 2637 3606
2243 1865 1052
4587 8153 4565
3664 7774 7351
2128 9345 9627
1719 8508 3236
6698 4958 1376
1460 5551 7522
6242 4782 7222
2420 8179 9802
2837 9420 3231
9476 2217 1298
6417 1035 3036
8842 9699 5630
7995 1897 7211
4052 6723 1919
7575 6169 8851
6567 2432 2080
9216 4716 9986
3514 9700 8730
1953 2614 9230
9189 6821 3155
5124 5841 2100
2983 4995 1366
2459 7770 3184
9833 4773 2140
5791 2573 6178
5634 6802 3137
6827 5264 2951
1611 5034 4150
5376 1991 4310
1291 7727 7889
3864 4612 1654
4560 3342 2879
5110 7041 8322
2064 5147 9788
7497 5893 9691
7148 4021 1600
1751 3961 5673
7410 9071 7737
2619 4692 7335
2520 9379 3289
8691 3447 4951
7073 9798 8065
9445 2042 8931
4341 7683 7478
8791 7234 2861
1927 2579 5861
1249 1503 9102
5415 1383 3467
5667 5371 7479
8800 3175 9328
7233 4169 8306
4190 5728 9898
3736 6049 1991
4624 1044 5800
5578 2636 8806
1529 4843 3833
5036 6038 5136
2669 8863 8192
7933 1983 7236
7848 6704 2806
9210 9688 3256
9715 1840 9574
1972 7247 4027
7592 9047 1080
4096 9463 7665
1983 5167 9105
4139 5337 1559
3029 7767 2267
9301 7437 3956
2206 1480 5109
4108 5845 3257
8216 1273 5904
8725 8506 6122
1770 1928 5603
7075 3758 9630
5310 3383 4185
6706 1367 8549
3842 6953 7861
1493 1070 8447
8704 9781 2294
2620 5617 5676
8582 1383 1386
1143 3293 8116
9218 5834 8884
5478 1315 3724
5697 9919 1536
1369 5141 8163
1579 1368 4234
3847 1385 6797
3902 7551 2774
7494 6900 9207
8624 6090 2326
3135 7521 1266
3255 9357 4558
1076 4206 8501
6204 7904 7490
7856 2014 5915
7262 5011 8013
5764 7831 1788
8217 3071 9731
8852 3566 6282
6589 2210 8573
8298 7315 8764
7653 2953 3658
8538 6630 7600
8946 6335 5297
2258 3583 2014
6807 9966 8956
1728 3714 8942
4090 1091 4086
4551 4484 3928
1095 9769 4282
3465 8858 8173
7486 8205 8360
4047 4517 1794
7099 5132 7922
3260 7580 7159
9620 9389 7169
2536 8912 4976
4135 4522 4643
3872 3732 1437
5057 9311 1951
5186 9617 2344
9094 8672 5865
3796 9533 2199
4396 2450 4482
5211 7518 3551
6663 3216 4013
4772 6519 5942
6916 5279 8305
9070 7780 8527
4999 3216 5850
2314 6891 9261
1356 8091 6432
7757 2518 7822
1517 5732 9549
5043 8474 1111
4311 4152 6791
9245 9660 1214
6053 1785 6403
4883 9662 4806
4767 2069 5272
9482 8858 8223
9175 6653 7973
3930 6874 3178
6276 3573 3300
1013 1880 6846
4848 5640 1211
3113 4296 8043
3152 7913 6853
6215 8556 5138
5591 5649 3609
5491 9539 4727
5330 2738 3514
7147 5792 9492
9535 4549 1206
5360 3739 9473
8770 9004 7185
8861 2425 3206
8301 9438 2141
7016 6920 3176
9139 5172 8338
3514 3202 7626
2074 6765 4303
5385 9635 7069
8461 6205 5308
6033 3377 4698
3760 2039 4307
2970 9684 5901
5951 5356 2057
3208 7118 5930
2121 3526 4167
2547 7562 8749
9872 5636 8824
4880 9730 7660
9899 4127 3082
8729 3187 9198
7320 3677 9366
7193 4688 9915
5012 8910 7017
5032 2333 9299
6412 1920 8082
2166 4542 3909
9262 9263 8424
1314 4400 5172
8841 2750 1221
5881 5838 8768
9906 3900 4199
4823 7489 5893
6317 7828 9226
5586 3658 3420
7870 9884 4479
3458 4199 8982
5448 4331 5352
4144 5322 7057
4896 6142 9884
7008 2345 3158
2110 6852 6399
8593 1252 5249
8358 2589 5412
7540 1613 7413
5691 4989 2029
6008 2053 3967
8616 6712 5271
3464 5636 1387
8001 3394 7918
1575 9205 6136
7811 2832 5441
2750 6620 7837
6700 6880 3483
1647 6937 5759
5746 8976 4074
1428 5477 3037
4183 9936 4438
6520 2990 3814
8450 5351 7252
5790 5634 5036
2821 5624 9683
7572 1360 5870
6897 7074 9271
5041 8391 9351
1882 4463 8852
7452 3098 7083
6436 3582 5924
6732 2616 1044
3387 5597 7745
1063 6769 3462
5063 9243 4008
3942 8527 5079
7640 1394 4585
9693 9640 9957
3344 2766 9974
4914 5134 3541
3923 9799 7992
8004 8984 7194
9517 4853 1542
3977 4623 4590
3671 4513 2096
1476 6071 2410
4879 6845 2531
1088 9433 4252
4626 8234 7227
4914 5838 5974
8090 9716 5229
9344 2434 7060
3150 8229 8569
5615 6098 4939
4249 2766 6065
3606 2008 4430
4038 2044 4884
6231 3111 5434
9003 2872 5186
1052 5373 7159
6320 3581 7000
6773 6652 7951
2883 3186 1435
3832 3221 5613
4108 4760 2698
2666 7060 1172
1832 8834 4589
7656 7543 7235
2733 7896 6300
5525 5400 2566
9978 4305 6665
7212 3582 6450
3159 3057 1533
3512 4843 5070
5810 5397 2101
8703 7646 7402
1978 1286 8652
4973 3251 6792
8209 9536 1445
9818 5530 5031
7742 6074 3846
7687 2281 9758
7204 6344 8178
1395 6379 2938
8380 1767 3706
6345 8430 6238
4688 1816 7055
5539 2414 1860
1578 3002 1142
1096 4491 8411
8326 1752 1273
2194 2304 3581
8480 5206 4924
3515 3279 2681
3145 1878 7468
7490 3144 9138
7547 3323 1292
7669 8244 3670
8547 4473 3045
4594 6491 2786
4409 8650 3089
9175 3565 7505
6503 4286 3899
9814 3906 4958
9960 7344 7484
9612 4980 2108
8343 5081 4538
8955 2687 1373
5719 7194 8986
8442 3077 8224
8770 8398 9596
3926 4615 3632
1715 1067 9574
4891 4093 9562
1335 9887 9146
3226 8481 4504
5201 8583 2611
8012 2981 1439
7322 6996 3240
3468 4876 8213
8094 5840 5705
5657 6140 6024
8383 7473 9869
9494 5288 4705
4358 7414 3875
6007 9228 5393
2633 6133 4915
6468 4779 5329
2611 2085 9711
8074 5854 1523
4984 4272 3067
2233 7817 3599
5452 2823 9919
9697 3822 1549
7595 2788 4423
1046 9664 7371
5023 2171 1836
9521 4056 3350
6701 9215 6828
1924 1619 5345
8349 2878 3717
2056 8161 9952
3968 8161 2543
5777 3365 2025
4131 3728 7212
6164 9329 2227
1182 5798 6146
1292 6821 5909
6933 2842 2513
3607 5872 7217
3200 3278 7436
6815 8249 6685
6645 6860 6284
3641 8738 7310
7556 9910 6661
9440 9400 1036
8871 3091 7177
2705 7053 4208
2694 7280 3431
5945 4941 7080
6757 7921 4317
7594 3830 5588
9160 4211 6790
3569 5119 4424
8326 9110 1398
2796 6108 2375
2180 6435 5699
9952 4843 9021
1086 7682 7719
8577 1813 6391
3015 8232 4678
3659 5069 6832
6129 1495 2385
8828 9879 4058
8472 3994 3068
9458 3987 2357
2130 5340 2116
4353 9831 4478
6981 2581 1716
7686 4410 8450
6931 4883 4730
6138 1081 7480
4332 1195 6822
4561 7964 3339
7022 2955 7014
3870 6714 6344
3716 7894 3604
2929 3773 7680
5676 6812 6252
1799 5143 8249
9766 4553 8958
4714 1887 2526
6615 7342 9057
9666 4644 3541
6791 3711 6036
7754 7757 7790
8035 1967 1506
6120 7342 4588
4149 8077 2545
5499 2511 9224
9452 6441 3573
8348 6516 6670
6887 1998 6471
4941 5411 6551
5013 7679 2261
6684 6160 4006
1430 7719 2554
8036 7255 8825
6474 5207 3641
2317 4090 7193
8497 8508 2258
4919 4155 8389
4202 3037 5544
5080 3725 6934
1965 3196 8580
3787 8627 1955
3093 9097 1664
7371 9571 9543
1339 7468 9755
3518 3670 7739
9779 6565 1773
1300 6552 4196
4080 9716 2119
5953 9933 9025
2034 4041 3374
3576 6734 6069
2881 7097 3471
1819 3455 3470
1612 2373 3691
6564 2556 9215
5093 7751 6437
1015 5082 6085
6174 6164 4006
1865 2969 4746
3605 5961 6924
6098 9696 1648
4046 2457 6023
6093 5905 1074
3089 1561 5979
1402 8553 5545
2181 8807 5365
9224 5324 3595
8893 7899 3297
1433 8917 2278
8399 1094 4617
5752 7402 7526
9200 8271 5542
9229 3366 5837
7876 3065 1949
6981 5152 7976
8885 9367 3570
3378 2866 5500
9851 2327 2917
4856 2389 2986
3699 7883 9545
8201 8095 8004
4602 5265 8167
1132 9688 2252
9696 7610 6799
3661 4052 4365
3152 5167 6790
1774 3880 2678
5805 4856 8866
5317 1744 3282
6162 6989 5756
7189 5201 7602
9730 5676 6750
5666 5284 3784
1648 5173 5956
6704 4949 1920
8266 8566 7391
1656 5586 4881
2863 7607 2986
2506 1082 4280
7843 7549 5951
9598 5482 3703
4300 9067 4388
4457 5890 9986
2467 7546 1130
7546 8019 6093
1368 6858 6881
3118 3801 4468
2131 1398 5605
3070 9119 8040
8484 6730 4853
3418 3888 2096
7559 5596 4970
7532 2575 4925
1891 7572 2746
3604 7134 9194
4747 1097 2835
9591 9066 3355
8675 3147 6881
8375 3698 7816
5304 9941 3250
2072 3785 4539
4368 9981 4043
5978 5012 2221
5254 5180 2617
6837 5639 9450
3406 2775 9599
3084 5125 2633
8194 4932 4024
6270 6511 7962
9901 3025 3273
2516 9619 1308
4489 4916 5444
3935 9311 9659
7548 4284 6672
2717 2590 7435
2932 8232 1169
5350 8790 8034
5715 5427 8583
3959 6697 9488
5307 3610 1482
8224 1486 3967
7164 5097 7987
1490 6024 8472
3939 9970 7572
1860 3206 4768
3583 3810 6352
7785 7456 5228
3788 7632 5664
7962 1992 9343
9441 5296 8818
2443 1552 6335
2030 8882 1540
1883 9373 7443
9913 4742 7554
1930 7610 5229
4614 2079 2418
3602 4567 2327
9296 3889 7045
5003 1567 6794
2179 2777 4830
5916 3808 9104
1506 8156 3796
3632 9383 2769
6036 4624 5634
5252 2448 4422
4757 7335 7348
5657 8753 1665
9925 7452 8186
7663 8341 1412
6907 1907 3258
5251 4224 4506
7472 8375 8586
2164 4433 8911
3442 2256 8490
5314 9800 4175
5289 8523 8375
9289 9734 2488
2610 6524 2880
1327 2663 2968
1411 3104 2682
2498 1936 9600
5044 9576 7794
5680 9633 4207
7846 5054 4948
7980 9440 5385
6069 6821 1798
5855 1594 7909
4128 1956 8410
2116 4474 7899
7669 7371 2836
4172 5956 7182
8884 4367 6106
9259 2994 9390
1549 1930 2306
3066 9683 3515
8554 9847 5050
6249 6674 6326
6342 4002 8003
1541 3257 5061
5770 9654 7163
8205 3693 1714
4411 4367 5452
4482 7089 4372
5948 9160 3345
7772 5944 1915
2832 3901 2517
6113 6971 1305
5670 3708 7127
6788 3026 9544
5978 4628 9395
4380 2056 6620
2919 2918 4029
1050 7865 9929
7115 2140 1812
9261 9912 8057
6337 3275 7274
7234 6304 1106
4453 6189 2458
6413 3967 8112
3939 7695 5899
6883 7324 2287
2150 5617 9323
4555 4957 9417
3377 2276 3325
9454 2673 8735
1939 1618 4709
1830 5513 8168
7115 7620 4642
5529 6977 4152
3011 6855 3596
3275 8479 5396
5499 9427 4852
7196 9527 5711
8945 7071 8518
9983 4960 5864
5951 5560 2139
7260 4863 2193
4708 7959 5750
3896 8224 7174
10000 7116 3113
7005 2007 3836
7228 9342 5198
3372 4342 3519
1853 5987 4772
5276 5118 2732
9311 1020 2062
7466 2458 5157
7639 6247 1313
4969 2791 4996
9839 1822 2040
9822 7457 2091
7305 9314 8254
6417 6057 2661
1211 7655 6257
5934 6030 9308
8968 3795 1000
5578 7432 1970
2354 9403 6611
9186 1230 5083
3608 9766 9506
1827 9770 7682
8975 8470 6848
4654 6016 5876
6302 8915 8562
7424 4435 2853
8774 3293 1000
1059 2305 5184
2211 8394 3043
8974 2376 7203
9758 6186 9444
4704 5158 8367
2872 1595 6128
5379 7203 9554
3697 7632 9839
6269 1907 1453
3362 5217 2915
1577 4827 3570
6462 1564 2269
3314 5861 7149
3241 6583 6263
8102 8575 9563
5305 5774 6403
7190 8328 5253
1854 9738 9034
2833 9805 6040
5898 3904 9084
1026 1520 5089
7907 9645 6123
5753 7954 2451
4756 8279 1168
1534 3743 8770
2027 8151 5694
5007 9734 5475
4933 8584 7145
7806 7615 9609
7546 9422 3807
1933 5481 1368
2096 6576 4134
4434 2347 5757
5702 1264 5982
1648 5858 6985
9154 2639 9250
6486 7812 4765
4095 3219 8639
6252 8181 5028
7742 2458 2174
8886 2821 8517
8670 8152 4349
2981 7256 9501
7197 4330 8843
3823 4043 7275
4632 8318 8486
1777 3117 6849
5690 1501 2461
8592 4527 6695
4643 5759 5183
3198 7698 1824
3809 1528 4784
5538 8602 5197
5140 1043 4676
8502 1837 3309
3663 7223 6478
4226 4740 4161
6433 9581 8496
8447 7277 2714
7134 2533 3779
4754 6160 8210
2734 4278 9291
2617 7080 3375
5917 6573 8036
9432 4033 4905
4611 3575 9400
9257 8640 8030
7096 5308 1704
2056 8071 2048
4637 2436 7295
6522 2270 2405
3228 4209 9373
1524 5297 5059
2909 3274 2155
8161 5502 1113
1160 9123 3892
6561 7507 4007
5047 2677 9491
3736 2702 3452
7335 6046 3686
7657 2238 2026
9300 1275 5530
4784 9652 1755
9234 8309 2129
6563 8199 5663
7312 5266 4736
5050 7649 4388
6911 2663 1303
9454 5461 9196
4228 7899 1866
8553 3063 2424
1761 6581 2735
5306 5687 3462
6514 2939 2275
9443 7315 4304
3289 3095 5586
5849 3358 7492
2888 6654 7256
1031 7387 1907
8938 5316 8482
9303 9767 9028
5953 2855 4481
3803 3141 6254
2754 6430 1416
1442 7984 1887
7790 5014 3546
6272 8747 9874
2422 7958 9714
1670 7040 7149
4741 3200 5614
9954 7206 2567
8941 6802 2070
2438 4320 5212
1595 9615 1125
6799 4771 8201
3918 5401 4795
1013 9820 8902
2687 7892 7798
1303 2791 1713
1217 9592 5914
3559 2664 7178
8435 8453 4247
5559 4531 3035
4329 6648 9862
9717 5689 9723
2744 6675 2460
2203 9812 3530
4438 9339 1826
4466 9272 6103
3436 7592 7857
6004 7709 4387
2864 5769 9447
1340 4175 6397
2158 2134 4551
1973 9696 5808
7411 3890 5827
8397 5631 1511
2564 7388 3611
2150 4472 4754
3246 6346 2550
6116 2165 7017
7565 6126 5561
1941 9804 7452
1211 6197 1474
3149 1689 8622
6184 7988 1562
2730 6092 5983
6228 5040 1885
9059 4224 9741
7624 1972 8185
1711 6702 5623
1924 7391 2381
8514 7516 5335
5440 2546 8748
6369 6559 3754
4031 9971 4439
1723 8442 1679
5665 4692 7796
1724 9227 6112
6672 4782 9575
2124 8236 8070
7706 3270 7128
4023 1780 9381
6277 5417 6647
2280 8831 9523
9121 5881 6205
6322 2480 7835
8978 9545 1996
7140 2241 9684
4149 6267 2886
8764 8114 2360
9372 2375 5917
9273 4880 9683
7492 1691 1848
3083 2705 4947
9629 9762 4226
1780 5989 9593
7614 2760 4059
4588 6336 1378
2409 7413 3007
2122 9639 5394
3373 6257 4312
3187 5537 3833
9276 7820 8599
7586 3606 2979
7411 5930 9599
3867 5913 2119
2090 7896 7243
3178 9946 7358
9400 8637 7315
9956 4544 6709
3257 7534 9331
5733 4375 1953
4400 1517 4974
1955 2879 5946
3259 9892 8716
8965 1087 3897
8894 9932 2918
8686 7038 9565
9359 8427 9948
8738 3675 7216
4739 9195 4539
4242 4721 5090
2767 4329 3149
3547 4404 4008
4902 6694 8133
4812 4027 4291
5911 8478 8163
2474 8124 2657
8952 5989 1866
5654 2798 7131
4429 5915 1192
9713 5036 1338
3678 2137 4021
6802 8376 9471
5401 3629 3633
3655 8524 3415
4284 6027 2720
6003 6658 3043
6953 9605 1790
3571 3430 8414
2530 2494 6482
4350 3748 9265
9227 1742 3826
7998 7822 5582
5444 4744 5428
3889 5478 7157
1967 8675 2835
4938 7932 2513
2182 1294 5883
4796 9502 9793
6721 4765 7159
7738 3956 7640
6385 4834 8327
5064 7138 9873
7569 1554 4075
4834 3796 2765
1375 1740 5166
1483 9339 5058
6113 6183 3212
3822 2451 1032
6277 6517 7962
6152 7082 7061
4056 1760 5419
6545 2450 3123
7984 1150 7488
7801 2765 8366
2349 5447 8156
1140 8450 5043
4330 7415 2206
9178 4614 1222
7371 9098 2684
1090 6822 5289
4491 1666 7204
1932 2184 8817
8534 7876 7725
8011 9819 8750
9930 5371 9582
2960 8043 1742
7639 6813 4077
4125 4243 2045
8906 2573 8545
2220 4751 9330
4405 2299 3966
7673 7873 6796
2100 3893 5554
7247 5623 5415
5174 5678 8153
6377 7031 3078
3569 2224 2311
5289 1742 7599
2402 1056 4153
9807 3136 7905
7092 9930 1686
3505 2508 2156
7985 5502 6885
9870 6377 5687
8342 9045 3939
2522 7792 6200
6158 6229 3534
8903 7733 6020
1628 8328 3251
8105 8637 6993
2738 3619 2974
6267 5846 3553
9227 3087 4910
7757 1525 8822
2478 2958 3678
3533 8467 6868
1687 7593 6601
4538 4194 2693
6215 7343 6078
3327 7368 1663
7023 7070 3138
4300 6717 9248
6923 1999 3348
8809 8137 2526
4673 7602 8821
6769 1733 6328
1978 1651 7782
1837 1855 2980
1558 8733 7051
3620 6002 2130
2317 5627 5286
2786 6432 5133
8213 1245 5368
3414 1792 4771
4630 3774 6734
8296 6489 9857
5731 4084 7186
6427 2300 3296
4339 6867 5208
6193 2209 8783
9571 4372 9701
3752 3945 1946
2014 2468 5170
9199 4004 9875
3850 7564 8076
5765 4496 5816
1977 9793 7081
9766 6399 9617
2925 5602 7406
3153 2064 8385
9246 6527 8035
2232 7426 7148
7502 3070 3463
2396 8302 4648
2278 4281 4980
1465 3328 6349
8328 6107 8989
5131 2301 5368
6065 7097 8127
7382 9458 2158
5729 3548 7320
2437 4385 6915
7871 9240 4447
8302 8295 2432
5460 3643 1390
6998 9910 9332
1236 1074 6544
1958 4092 4072
8371 6149 6252
5759 2283 4867
6941 4990 6968
8529 4799 9252
8167 5134 1866
3416 1466 4583
2946 2001 2408
6700 9387 6216
4057 1196 2528
7488 7861 6526
8052 3051 4731
3404 9849 6250
1240 4035 7381
2694 2468 6753
9739 1248 7474
3022 6212 8428
8093 9523 7241
2362 5535 7846
4646 3554 8972
6141 1358 9358
8281 9843 5617
5345 3718 9259
8379 8135 5983
2178 6341 8489
1140 9998 3484
9667 8236 8396
7891 9754 8010
7421 5546 2698
6416 2716 4295
9803 7236 9985
4282 1704 3333
7619 7081 3991
9069 3826 5321
6274 8141 1728
7823 5706 2398
1421 1851 2740
3019 8021 3519
4755 2061 7118
2883 9915 5345
4935 9252 1946
6877 4800 7280
9109 3552 9697
2624 1504 2235
3402 8762 5238
2555 4277 6067
1768 6328 7500
1635 6876 5914
1862 7013 2119
5446 9131 9926
4857 6188 1848
1662 4775 4602
9863 7787 9243
2245 1453 1298
6785 8408 4249
3242 4116 5396
1629 9253 6158
5488 6376 6735
6174 7568 1876
4318 7684 4072
3990 4643 2067
1976 5300 4138
4979 7808 5943
7783 3638 5254
2401 8108 8694
2086 9548 2511
2994 1966 5704
6873 3453 9432
5851 4446 7800
3869 6872 9970
3391 9984 7014
1100 2994 6972
9809 4266 2934
5277 4480 1112
8062 5533 7256
8633 1779 3785
3151 8539 8702
7011 9063 8082
8750 1842 5412
2568 1069 8709
2937 3864 1004
8235 8785 3835
7507 2004 1926
6719 4662 7204
5940 5754 5866
4915 8287 9469
4112 2451 5920
4103 5937 9265
3808 7833 7295
5248 1301 4979
6873 9920 2090
2556 7307 9657
7718 7846 1382
7873 5019 5414
8942 9933 8841
6595 4090 4546
7576 4078 7890
1606 4472 4838
5997 6929 9114
7524 9850 5742
7624 2410 9594
3245 1353 4540
1284 4581 2343
8990 1571 5840
3684 1517 2201
7474 3403 6769
5206 1545 3443
7200 1797 4105
7533 8762 8305
7331 9057 8616
5268 4078 9995
3722 2484 6311
5900 7551 2685
7321 2788 7144
6837 6744 5806
2242 4131 7560
2428 4500 6879
7663 2541 8371
2160 4021 2677
3859 3638 8498
4267 2319 2017
4605 8546 8951
9445 6730 8006
8414 9754 3098
8179 9819 5092
3480 6291 6305
7715 1030 2865
9173 1244 3492
4798 7165 1900
4192 9441 1776
3485 6017 8754
1454 7047 8406
3222 4773 1708
9538 3625 5989
5783 7050 1855
5873 1978 4520
7609 2999 9263
7110 9995 9508
1124 1635 8174
2983 9643 9066
8069 1228 1506
7172 3166 3897
6304 5838 1284
1677 8125 1265
3338 5450 1311
8596 2819 5675
6330 3282 8537
4994 7969 2916
9030 8402 1647
9594 8799 9867
7209 8956 6606
6168 5431 2357
1595 8310 5151
1219 8209 8433
4622 5371 7311
9542 3101 5976
6920 7808 3281
2658 4810 6892
9776 8980 1109
8474 8369 6853
4552 8934 6295
6361 8283 9368
9584 2308 9653
5734 3206 9925
6134 9365 2147
1122 8527 1196
1580 2343 4690
4715 5485 7105
9734 8920 9512
6387 9836 1218
5615 9421 6835
2325 6530 5936
7006 5505 5315
7668 9835 1281
6917 7281 5960
3647 9048 9929
3279 2329 2133
7829 1360 4170
1912 9035 1238
8717 8312 5654
4717 2027 5437
4089 4517 1690
7885 2982 6707
3239 5890 6057
3231 3016 2165
7126 9330 8364
8651 2862 6298
2532 6872 4394
2677 5561 8982
7791 1933 1332
9080 2370 2070
5388 7104 5034
1199 8116 8264
9793 5260 6108
2361 5265 4568
9583 4398 5217
7953 6288 8937
4085 2020 2730
3405 1517 6771
8256 2397 1132
3617 4356 5184
8495 2027 3816
4017 8331 6846
8543 5995 8269
4719 2155 7977
2332 5542 1904
1546 4593 8054
5462 2442 5205
7757 8052 1531
5905 7617 2042
9461 2177 6084
3647 2519 6242
7290 8854 9553
4937 8083 8324
1825 8663 1154
2167 7084 2674
5130 2340 2074
2298 4184 1873
7020 3481 4326
1803 1698 9111
9140 7851 7080
1270 5262 6454
6761 3637 1200
8560 9056 9364
3332 3854 7799
2973 5954 9546
2283 1709 7068
8108 6969 8810
8864 8570 1864
8549 1195 7905
2094 2522 9732
4745 2789 2006
9368 8777 8947
6751 4997 3192
1301 3200 5332
1540 1783 6102
1387 9097 7793
2718 3553 8341
7325 7797 1310
4757 7688 7916
5585 9930 7262
6028 4541 6900
3770 4686 2515
5737 4665 7175
2598 2663 2862
2113 2799 7253
7311 9777 9810
8035 7874 6289
7191 3557 2984
5163 4175 2662
2060 2047 2506
6785 3688 3810
5757 8004 1637
5462 3115 2382
8520 1452 2140
4348 2646 1745
3000 6154 1286
9911 1339 8660
8174 9603 8690
9359 4806 4134
2383 2400 8713
3537 6946 5754
7420 6196 8995
9661 6072 4519
2253 8589 8750
3826 6378 8776
9858 4526 8912
1748 9015 2261
7057 5187 5013
5799 3370 4161
9748 2143 1332
6085 1022 1238
1103 7418 5208
8010 3271 1535
6008 5167 2838
5563 8031 8135
6354 1891 5423
7340 7233 3483
9506 6173 2470
7042 8053 6266
2583 3945 9948
1025 9896 3688
3053 1871 4696
1517 1894 4224
7164 9956 7856
9102 9389 7590
3738 3903 3866
7793 9936 7782
3389 3153 3272
6365 4476 4491
3056 1436 9989
1438 1140 8002
4611 8556 9528
1570 4665 8584
2324 9792 1850
6878 2366 9660
8092 3734 8334
9187 4810 4756
2788 2033 1351
5544 6345 1842
2171 6914 3006
1526 1924 3372
3558 8541 4805
3634 5412 5935
3424 9284 3184
8385 4313 5034
6590 1104 4951
8731 9318 5853
5240 6364 6499
3170 3450 4389
8128 6915 7280
8589 2905 4777
1046 4738 4354
9002 6539 6998
8263 4329 4562
3161 4424 7427
1898 3262 1439
2279 7805 9664
6723 2613 1392
2489 7999 5999
9161 8761 4584
7465 2370 3214
6941 9051 5192
2332 3527 9342
4194 7407 3531
4347 8311 8874
1609 6669 6797
9011 9135 3727
1938 8658 6048
8772 7841 5251
8054 9442 4894
7084 7821 1128
7978 1497 9806
8827 7696 9873
7818 2348 1333
4428 8363 8263
3275 1974 2912
4376 7802 9798
7997 5659 1787
6244 4569 5985
1188 7285 7357
8722 2791 1863
6028 7575 5387
4043 6782 3335
1318 4186 9753
2640 1238 7056
6035 9545 1886
8102 1413 1259
9976 6966 6381
9945 4334 6198
3975 2976 5384
2410 4802 2550
3072 3404 3424
3262 4077 4042
9338 4370 5534
5673 2243 5625
7828 3282 3483
7275 7933 4092
5777 9296 3409
3730 3467 7011
9064 3379 4337
4776 8408 3207
2821 1875 6961
8676 2662 2335
7204 8413 6265
8777 5931 7125
5672 6283 8046
9402 9616 7647
2633 6529 9850
9413 8739 8792
3385 2824 1273
1607 4645 7667
1208 7285 5644
8759 6864 6518
1372 8002 7371
4435 1671 1427
2857 7667 7286
3666 2264 4737
5633 4023 3817
6844 4185 4078
5635 6331 9729
5083 1440 8256
8672 4683 2733
7327 3051 7376
1157 5191 1908
2340 7092 9453
9183 8491 3919
9248 5412 1857
7543 8273 9738
2127 2370 1314
1326 8794 1095
4237 3860 1970
5173 9114 1439
9376 9679 4064
7486 8490 7200
3183 1629 6300
6781 7939 1561
2390 5367 8680
6472 9867 2690
9872 1137 2545
2593 7868 9589
5668 9527 1199
6500 6651 8800
7728 5030 7684
3728 5137 5839
1314 8250 1881
2098 5654 1833
6348 2841 3323
7188 4944 8510
1285 6796 8273
6150 7296 6222
8160 1759 4154
3485 1571 2357
8167 7126 9982
3261 9629 5134
6369 6659 3788
1049 2492 3636
2240 6510 4064
6183 8300 8345
5171 7516 9351
4086 8514 5867
5958 5600 9650
7566 2237 5606
9698 1661 4191
1943 3097 2717
1337 4453 2199
9164 6521 5212
6691 8268 5438
4622 2957 1169
3485 7094 4336
1944 6165 6402
7325 3144 1158
3904 4311 5384
8029 4075 4794
9243 9657 8773
2555 2252 3922
1452 4420 8233
6606 9256 3978
5912 7024 5004
6365 3297 7751
3518 2788 9198
7847 9983 8224
6539 3458 5380
7623 4390 3199
4136 7807 1914
9324 3498 3909
4284 8574 2413
1177 9142 5839
3744 3010 3594
6793 5971 4220
6457 5404 9247
7663 7743 7284
1555 5493 6711
5615 3431 8207
3519 7782 1260
4438 6120 6310
1709 4831 3857
4944 6214 9145
8858 2923 3075
4717 3183 1746
4347 1312 5953
4554 7328 8385
8007 3558 2469
3741 1703 2018
2471 3744 8237
5047 2344 1291
2244 1413 2409
1263 4002 6366
8228 5183 1943
3782 4237 7331
4187 1838 9467
1896 5679 9476
3150 9434 2239
6253 3260 8795
7421 7135 9888
9850 3433 5321
7445 6104 1477
2095 6786 1203
8337 6786 2723
1181 5466 8015
2006 9757 7437
6093 3514 5555
2346 2394 9860
2110 6003 5448
6325 3304 4484
4377 7256 3133
2789 4639 7777
6374 3660 1983
8213 1703 7925
7956 9685 4060
1841 3366 5471
8524 6465 8582
7952 3938 4158
1745 3550 8817
6585 4683 8929
2057 6576 7598
8592 2408 7406
7415 9457 5925
9097 9143 9333
9837 7776 5763
6055 5287 1517
2851 1972 4984
4006 7775 8336
7255 4651 7035
4769 9418 2660
1157 5488 1664
9984 6321 2590
7260 3135 7933
6708 6905 7097
7579 8480 9069
7171 1644 4781
3105 8849 9431
4093 8137 9398
6645 7613 2196
6840 5205 4347
3734 8719 5518
4101 3439 1865
1921 4968 7221
3393 7528 1982
7204 5434 4594
6901 7706 4938
9616 5947 9815
7309 4230 8981
3493 6625 9829
7873 7065 2674
4451 2741 2519
2119 9672 4385
3928 7316 6275
8783 4362 5718
5151 6523 7450
5923 1973 2294
2011 5124 7435
2795 9895 6828
8963 4602 4732
5138 7633 9707
9752 5803 9205
9088 4697 4429
2408 4871 7824
9610 1268 9678
9083 9823 4183
9889 7381 7063
2810 9012 9796
5318 3532 6708
5029 8086 6075
6480 9094 9004
6315 3594 3367
4303 4342 6586
2066 6157 4644
9358 2074 8217
3655 6094 7943
9982 8506 4921
3993 5431 8239
3507 9871 7099
6015 4783 5712
8021 6644 7785
1410 8557 5744
9693 9368 9216
8684 9291 8173
3872 5485 4103
4172 1984 3803
7190 6077 6824
2594 9480 8904
2714 8328 8741
5549 4991 2899
6232 8393 4167
4672 5330 1808
4331 8924 5197
1171 1602 6874
1385 3959 7154
8260 2387 3607
4371 6668 4573
4633 4671 4692
7330 5321 2983
4747 5620 6814
8908 8844 6422
9455 9057 2491
8492 9345 3234
9706 9742 7491
1832 6516 8330
3194 2665 1815
9332 6288 6439
4861 1385 1934
1804 1171 1822
3260 7278 1035
8926 2460 5493
6797 8187 9279
7355 6535 7461
2745 6666 2369
3350 8452 2167
4035 4918 4672
4196 6406 2654
2097 6694 2812
2008 2807 5316
2784 8332 1896
1630 8071 2460
3476 6610 7594
4166 1640 3159
9789 7621 1086
3272 6255 5240
4931 3791 8168
8789 8539 9254
9679 7442 2713
7165 5777 4099
4326 2524 4772
5302 1706 8877
6066 7166 5017
7540 7734 6827
6239 9142 8039
3657 7792 4224
4753 9115 3906
2628 8293 9007
8511 9524 6235
9545 5148 9116
1782 7696 7212
9611 4002 9597
4183 2407 9176
6022 5484 1772
9982 3731 5898
2906 7917 7038
7798 2670 4621
2672 9219 3196
6798 2598 2519
7092 7309 5532
3991 7736 4265
7790 7442 4345
4851 1054 6905
8361 2777 7620
5566 2291 9478
4029 3494 6065
6677 7481 6933
9577 5343 3771
8262 7930 8974
8779 7295 8477
8276 7349 4033
7636 2366 8284
1561 1707 5532
1035 5039 2742
5809 4159 1894
3647 3892 6221
3432 1607 4155
8372 4145 7625
6319 4037 1869
2747 9699 1533
4109 9927 5862
9257 4100 3077
4968 7339 5564
4729 2554 7554
7372 2935 2103
3161 8884 9361
9340 2349 6040
1748 2251 7933
3279 1300 9084
2445 7541 9542
1896 2167 9605
1470 6123 4233
8141 6975 1620
8544 9803 1330
9954 4275 8137
8785 2894 8676
6021 6951 7655
5315 1659 2548
5879 7454 7328
4213 8746 3833
6286 4765 4170
7855 5320 5623
9799 6689 4235
2012 7270 9192
3637 5453 6855
3136 7998 2023
9991 6865 3001
8059 2428 2617
1684 2950 2031
7458 8864 5620
8103 4548 7625
7237 1561 4990
6891 7814 4976
8688 7374 3011
4122 1720 4068
6678 1072 2447
1097 1033 5430
7888 5582 9837
6426 9392 1715
4058 6209 4392
4101 7247 9883
1034 8148 6527
4225 5604 4554
3158 9909 7505
9149 6376 8906
3678 7926 6912
7849 3754 6033
2099 9087 4942
5717 5845 7473
5233 2928 7886
6173 9764 2887
6386 9865 9310
1185 6029 5988
7809 3401 2421
3021 3348 2863
2604 5067 6841
4372 7003 5214
3483 6925 7039
7309 2996 7660
8763 9033 6338
2603 6161 9556
6679 4069 5123
1550 7997 2132
7883 9634 7171
3297 4310 1652
3201 4317 2771
7765 1909 3233
9682 7537 9068
2441 5006 1129
5497 5376 1091
5462 8826 3310
7459 3553 8680
6268 5797 5543
5065 5468 8131
6471 8780 4020
4470 8099 6228
6852 1738 2017
5057 2409 5458
5870 3891 1792
4382 5906 2739
2376 6054 8873
6275 7649 8014
9357 2706 1554
7299 5024 2148
7296 3674 5310
3894 5339 7585
5248 8399 2004
2187 5384 3749
3004 2632 2916
6646 7222 8051
3217 2154 9112
8526 1599 6665
5329 8670 5259
8864 9568 1048
8399 4256 8471
4971 9274 9101
8993 1611 9247
8498 8632 8115
2204 4490 6418
6232 4754 5453
8621 5739 5617
9556 7394 9718
5945 4475 6903
3502 6475 7836
2839 3573 6622
7774 9651 6567
1247 6745 9750
6201 9711 6583
2000 7041 9157
8835 7745 8660
4823 4675 1613
1919 5669 3508
5958 1872 2827
9614 1419 8988
5006 2455 3595
2454 1772 5309
5838 6467 1119
2779 9432 8778
8969 2960 7773
1711 1446 9823
2994 2249 4875
4362 1204 9951
6357 1530 9482
1520 9286 2935
7491 8013 5798
8020 8299 8421
6463 8388 3534
9672 5181 4831
2469 4984 5484
3019 7667 9573
1534 4197 8022
4925 8251 9030
5362 3437 7017
9291 3812 6749
1527 6645 6429
3890 8983 9944
7730 8584 4279
9355 7587 8281
4206 3610 4236
9755 9172 9260
7772 2092 8854
9886 2700 2952
9300 8101 4629
8079 7159 3178
1947 6969 3140
5089 5701 7300
5286 1374 1171
3518 9975 1983
5471 6645 6769
3500 3773 7668
2485 4151 8957
8143 3251 5090
4226 2723 1093
9072 1836 7931
3583 7445 8072
6541 7472 1238
5957 5533 7842
2077 1540 3508
2811 4872 9880
9166 2079 6997
2547 2858 1286
8487 5966 8955
1909 9043 4769
6545 4798 6254
7922 8174 4064
8361 1364 2049
3932 6660 5141
6736 8958 7969
9496 7525 9900
1471 2562 6137
3603 4595 4451
1416 3796 1091
4849 9192 5411
9742 4396 7701
1290 1698 7637
3741 7022 4799
4328 8826 8452
4247 8573 3624
4689 2597 4726
7318 6351 8927
4304 5666 1212
1604 1300 5493
1319 5308 3988
5459 9995 5799
7665 3888 4049
1937 1049 8153
4043 3078 8641
2244 6340 2742
4771 5042 4252
8550 3857 2114
2171 3043 1052
9555 6729 4792
8113 3749 1329
3481 7925 5729
4958 7872 9261
3851 6015 7025
5883 2457 1888
4215 4098 4708
5186 9131 2077
8051 2489 6762
6310 7844 3695
5251 2102 4843
3923 2079 8251
6278 8289 1753
7134 2163 4096
9441 5324 5179
3116 4604 9222
3474 7521 9483
5020 1464 9348
7708 5780 4267
9509 1887 6249
1149 8064 4711
2950 8723 1142
1057 3180 2264
9751 7263 8977
4357 1525 9855
4926 7503 8056
6457 6782 1605
6815 5958 4671
1383 9093 3554
9947 8231 9319
2670 2736 9876
6010 5418 7945
3265 2186 6752
8953 7417 2015
7152 9961 1226
2488 7816 5267
1722 6333 4362
8546 1915 2022
5442 2715 5289
2538 7462 1338
8766 5935 5382
9636 2179 9698
5674 6695 9316
9835 9621 5925
4134 5303 8523
8505 5918 7607
4104 6825 5982
6325 5091 8098
6026 8386 5892
7513 2125 6275
1096 3293 4535
7980 6755 5484
9115 1062 9163
6939 6154 9761
4526 4478 9067
5990 7198 8709
1827 6007 3797
5188 2088 1704
3497 7117 3095
2879 9012 9362
6766 6081 9086
1893 8264 2304
2293 1695 3795
9996 7832 1176
1460 5071 9010
1322 2281 9890
4858 8331 5512
2917 5248 4005
8747 2626 1588
2420 3413 7555
6630 6338 9582
1500 9845 3002
6572 4805 1976
4806 5933 7080
5484 4000 1618
1611 3044 8701
8573 7133 8226
4628 9070 3121
9730 1779 9977
7459 9407 3270
4739 7642 9049
4508 3359 6575
2202 6119 1612
2990 8480 5787
7379 3224 1730
4065 1590 2896
2617 2961 1576
8863 6734 4072
5502 9236 6068
4987 3296 7610
4179 6309 2408
7508 9862 6571
6965 5720 1545
6269 6825 4316
6465 8676 9906
2613 8982 9296
5898 3088 8184
5583 6902 1159
3319 5118 9210
8107 6304 4672
2881 1177 4665
4522 4896 5894
1096 3970 6475
7345 5897 8763
9039 8654 4443
7512 5166 8876
7611 9496 5362
6020 1052 1718
8130 1006 2437
3129 8075 2893
5853 8773 6457
4162 8977 1618
4407 4874 4532
9875 1215 3925
6154 9161 7221
1996 1220 5094
2084 4701 7955
3259 3154 7728
3028 5284 7285
7008 7875 2574
8222 7908 6350
7352 5118 6796
4634 2697 4533
5753 4721 6043
4445 8929 1978
2308 3907 8162
5207 7627 2117
7982 3205 1131
1716 6398 9096
6200 8313 3007
1012 4993 8453
8479 6502 4854
4122 5334 1610
7889 5787 1471
1803 8920 5006
2144 6101 2815
2289 5296 1829
2611 4065 4167
9739 4690 5374
8693 1917 9507
7084 4281 7673
6220 7283 5369
4936 2975 5022
8599 3376 5929
8640 9823 1552
9021 8945 8569
2979 9082 7165
1516 4843 2786
5017 3326 6864
7228 5059 3929
4237 8805 9739
9608 8595 4646
4408 9811 8687
4809 4290 8479
1138 9022 2350
2110 7474 1344
9666 5827 1323
9883 3069 7942
8766 2512 8507
4454 2908 4340
4815 1520 8385
4070 7335 9257
5616 8660 3487
9085 1856 4669
4006 4121 3875
9420 8751 1922
5813 5939 5864
6098 2072 5017
7071 8985 5260
2950 4898 7026
7180 7982 1762
3719 6051 2229
6394 2766 7068
3570 1963 7937
1972 7675 7135
8072 5708 1602
2106 5753 9460
8966 4787 7995
3725 6891 5376
7568 8442 8866
3393 5227 4057
3260 3281 8835
7967 3230 4500
6023 6010 2524
4603 6464 8937
8992 7474 8869
2364 9066 5372
6010 5706 4353
5756 4649 4225
9224 4993 8114
5937 3673 9368
9641 7148 1744
5143 6462 2693
7356 7695 3456
4691 1954 1528
4910 2369 2247
7166 3769 3572
5228 2946 9863
2735 9470 2353
5501 4625 6069
3047 7944 2013
7069 8090 9210
7979 8335 2062
4700 3247 2322
2432 3533 2895
4698 6381 8013
2592 1110 2707
5563 1128 6801
5470 5635 3261
2295 6759 3131
5500 7437 8139
9911 3610 1113
8499 3484 4333
1443 3225 3012
9573 5271 2205
8412 5202 7480
8907 7433 8021
7886 1407 1388
2524 3436 2216
6764 4228 2666
6803 4774 5166
2205 7467 5852
6557 7568 3080
5308 4650 2348
9900 2489 2435
1509 6188 3129
3266 6053 7821
4485 5091 6048
5859 2532 7797
3315 3499 4918
8818 1638 9963
4677 3391 5273
2945 3670 9199
9107 5940 9934
4755 2740 2807
5027 6467 3004
3708 4881 6782
9560 1554 1467
7393 9067 4759
2616 2711 5244
7341 9997 5120
7856 2468 1290
5012 3738 4787
8235 3762 3249
8474 9670 8963
8651 5795 4078
1783 9059 8787
3974 5521 7047
2718 4120 4235
4137 5908 2602
2643 10000 7339
6715 6416 4924
7468 9035 4840
8417 4171 9595
9904 1126 7126
6131 7012 4459
6780 4213 1236
5537 4624 6647
8747 6544 8279
5615 5592 5345
5213 5855 2206
6450 7880 6317
9927 8000 9174
4397 6584 7400
4059 1481 7436
7277 6920 8986
2604 6822 5610
3523 2379 4238
2976 7951 7295
4585 7623 2841
5715 1210 9357
8336 8788 5714
9098 6874 4127
2538 2780 3546
1546 9520 6744
2003 9338 8570
7432 1355 4607
6497 4638 2476
3471 6066 1636
3994 8537 2761
3564 1477 5270
6325 7153 5166
6552 3052 1043
5754 4954 6576
2544 4473 5165
3467 9424 8773
1616 9790 1414
7099 4421 4214
2980 1342 1661
3190 7747 5613
7123 9345 9532
2158 5643 7505
5714 2738 6640
5320 7891 1469
5922 7739 5502
8964 2035 4896
3779 8441 4137
3355 5052 1793
9050 3846 6579
3665 5042 7435
2256 9668 3074
1827 4491 6853
9748 6670 9792
5269 9144 9239
5224 2245 5218
2357 2390 1267
9502 8779 3846
7499 4805 8280
8450 4060 9773
9211 4735 4584
8019 3540 1335
7871 3240 6736
5624 6049 7953
7759 1383 1588
4093 4988 1409
9182 7687 1842
2020 7443 5567
9807 9492 4348
4961 3515 4361
8686 3808 1061
3449 2237 7469
2864 1164 2567
7847 4904 5167
8142 9800 1846
6232 6992 6405
1086 4651 3534
9927 3309 2258
5593 3636 3904
9432 4201 5415
4401 2081 1820
3898 4068 6778
5991 3029 5358
6961 5732 6378
2746 9882 7091
1022 2973 8366
9123 8491 3969
6947 6797 5894
5794 8178 6662
5868 2127 4165
5804 5986 5170
3369 5199 2866
4002 2003 6789
5801 7513 3107
5781 7824 5476
3134 9200 5536
6147 4002 2544
2097 2444 2225
3932 1335 9985
4285 7510 1116
3922 7952 3359
7746 7631 1200
2749 6701 6977
5093 8481 7164
8544 9632 6809
8037 9173 6410
3344 4633 4753
3111 2738 6227
9796 4537 3343
3398 9102 8559
2242 5444 4362
3121 9875 4807
1323 5458 2448
8065 1373 6174
7952 3851 8602
3131 8756 2451
5651 1259 7070
2895 6970 8219
8810 4959 8945
1227 2528 3408
1151 9701 1028
7223 5077 8615
5895 7753 6176
7184 1770 8328
8278 1447 3360
4493 5639 3068
1086 3972 6636
1106 7622 7685
4666 7443 9308
8356 2524 6436
1140 1004 3957
9112 9411 9676
2430 9061 8303
1904 2262 6431
7948 3415 3144
3461 2329 3567
3747 8137 8270
8249 2466 3910
2034 8620 6584
5678 5176 3092
8293 1578 6728
1218 8535 3097
1362 9340 8771
6685 1375 8329
9489 7598 1485
4780 2201 5529
8566 4296 3834
6293 7062 2160
7584 2087 9845
9403 9636 7452
5941 9228 5113
1830 6656 6385
8225 4725 4986
4867 7173 7603
6785 1352 3493
6368 2508 5486
3479 6613 1156
9330 4484 2908
3715 9897 7686
4077 6955 2087
7759 5893 1255
5620 7145 6703
5262 1100 4287
9297 9989 9112
2556 9861 4488
7105 3259 3889
9913 7064 8252
6110 4373 9570
1617 2892 8439
4238 6570 8135
9286 3109 7329
3202 6565 6920
4663 5613 3341
9923 1340 3933
6212 3459 8385
4487 2986 9596
4813 9893 7208
4591 8080 9262
5851 8881 3824
6323 9646 9281
5210 7395 3781
1195 6097 7995
6543 4187 7603
3212 1934 8232
9223 1271 6878
1302 4334 3505
4528 4371 8634
4658 4852 1973
1274 8870 8000
8122 1645 6232
7592 3815 5552
8689 1178 8542
1644 2286 7928
1282 1009 4317
6067 8403 9708
9556 6124 2983
2098 5369 2434
8475 2743 5983
1367 5647 7975
3958 2328 6249
5571 7207 8525
9088 3977 9906
3948 1297 1547
9961 5763 8814
4668 3693 9013
3637 6977 9523
4178 7377 2182
4821 1927 2265
7314 3276 5583
4771 1226 3912
6009 4023 8352
1724 3437 4659
7170 9691 3910
2536 8062 4712
1922 8662 4993
