4424
3578 6388 3252
2687 6681 4311
5098 4088 9631
6431 6124 7608
9319 2771 4178
7472 1435 6102
1183 4738 1220
6132 2672 6095
4592 7567 2109
7764 7856 5476
7064 9752 8219
4091 6866 5147
4047 2135 3741
3310 2669 7735
4414 1775 8384
3258 7320 9370
3887 2797 9078
4198 4214 4336
6568 5499 7814
8644 6280 3284
4483 3924 2133
3036 9138 1183
3029 5839 5906
3054 2839 7778
8672 2599 3692
9368 2318 3778
1462 3396 4363
2369 1547 9698
1591 8810 4886
1574 1256 9011
7934 1729 3108
2352 9919 6822
8133 1857 6625
5455 3166 3519
7647 8917 1366
5127 2631 6633
6639 8838 8039
2203 8041 8776
7230 2289 7249
5489 6100 9505
4206 9052 7644
4539 1052 7706
9018 1780 7019
5687 9492 4907
9716 9426 1887
8446 3282 2067
9033 8896 7326
4590 3064 7695
1986 8226 3961
6008 9475 1305
2773 3048 6482
7007 9713 6701
7533 1492 8733
6621 1819 4760
5289 2529 4999
6062 3803 7788
9810 3718 5326
4186 9900 6936
2948 8600 5786
7387 2005 5691
8487 1294 5501
9478 1593 5504
9310 1912 1355
3677 5467 6351
7429 8989 1974
8303 8548 2044
5143 1637 7433
3774 7253 1871
1822 7812 3589
7925 2740 7501
5988 5720 7906
9563 8048 1674
3205 6624 3549
3677 7079 8041
6690 4850 4284
4133 6037 5001
7813 2565 9748
4439 4650 7524
6092 4500 9999
1799 2176 6265
6835 3000 2431
2427 4372 3425
8622 6389 8440
2255 8886 4185
9190 8036 7550
2848 4327 1917
3578 9621 2731
8181 2460 4948
5797 7954 6542
9884 9473 3549
8811 4237 5018
9989 5432 3123
2210 9426 5425
9019 5728 4759
6129 7653 3669
9140 1535 1008
8957 8614 7187
6142 2343 3685
4604 3847 5915
7008 3797 7583
1092 7919 5412
2789 1389 7945
7439 9081 5119
6118 4842 7715
2934 2639 8950
9728 8250 7697
1944 5183 1546
9152 1396 5751
1570 4249 8819
8721 3004 8066
8488 6215 5487
7584 9292 9101
8462 4212 2945
6144 9886 8032
3913 7202 3288
8138 2169 3956
1426 7193 9856
3007 8052 2262
2401 8813 9335
4257 9869 4133
2465 5311 2954
1321 3565 6044
2150 7096 6318
3819 7816 8582
3719 5628 1729
7968 7863 3834
5411 6380 5181
2306 6592 3599
5355 8405 8234
3307 4056 4243
6268 6973 9358
9804 6472 9100
1480 3917 3904
6180 4086 2083
2838 9409 3804
5295 1167 1494
2309 1523 5922
1497 5091 6545
6249 9962 2096
5621 9490 8106
6528 6466 5901
8824 1948 9080
3873 7813 4144
5068 1908 7600
4548 6189 5351
3837 5641 3704
3511 6189 2690
1969 1232 7898
6830 7359 7446
9956 9492 7936
7475 9430 4365
9791 6535 3822
6494 5497 3642
8752 4106 4733
6912 4792 2019
4496 5886 1353
3046 5946 7861
7697 3050 3790
2097 6861 6488
5275 3754 3177
7489 6181 6815
4478 3864 8421
7105 9182 9600
1327 7812 2563
1811 3926 4071
7797 8961 9454
4713 4532 3258
3906 1085 1643
9578 2622 3184
1547 5588 2970
6690 2893 4249
5553 2811 2025
5065 4381 9592
5723 8629 7707
4023 6009 6978
8140 3297 4782
2174 3129 5043
1675 1704 3725
2647 2334 9596
2511 1499 3399
4173 4800 1432
7831 2842 4005
7996 7460 3929
8523 9470 7339
7526 2244 6016
2814 3103 3207
7921 6139 4798
8133 8198 7896
5711 3621 5208
8668 3365 7655
2252 8516 9450
5026 1902 5608
8323 8369 1530
7757 3090 1159
7734 8265 6892
1042 6887 6368
3330 2794 7804
8922 7004 1496
7528 2813 5009
6180 6521 9482
7272 1892 5400
5620 5902 2909
5980 9755 7983
3135 5751 2665
4816 3984 5585
5069 2251 2019
1856 4416 1392
8979 3281 6476
6831 8408 4337
7174 3277 9937
2812 8691 4482
3067 8446 2425
5933 3720 9302
9293 1159 7407
8410 8004 1491
4772 7435 8205
3955 9679 4840
7002 3733 4947
2431 9040 6883
3772 6866 3682
9573 4360 5973
4124 2523 9359
4281 2574 2432
3952 3550 8575
5258 5469 2404
7645 1405 2052
1833 7557 9244
9142 3046 8800
7902 9514 1508
4799 7615 5835
7636 2470 9392
1029 8594 3951
3466 7719 3791
4855 7966 3805
3623 9154 2363
2019 8462 2846
8388 5578 2155
6901 8599 5044
8222 4657 7626
3764 2364 7494
1829 4543 6515
7367 9047 3496
9084 5204 8911
4768 7668 3198
7346 8156 4674
8341 4992 9699
1596 5350 1847
4060 9202 5800
3246 2284 7542
7481 6930 6420
1479 2612 7079
2918 6734 6900
7035 5220 6727
4513 2042 6328
3116 9106 8845
7282 4887 8936
9116 7828 7188
1229 3877 5547
4678 2413 4971
8454 2931 9148
3821 8476 4923
1944 1241 7056
4273 5932 1601
2419 5888 2146
4028 1051 7324
8129 1330 7089
8886 5709 5605
6595 4773 4296
9529 8383 3139
3911 8445 7671
3721 9216 7071
8579 1774 8170
4091 1238 9242
4452 9422 4395
7052 3638 6492
3627 3570 8076
2670 2518 5366
5824 7768 1633
1128 7913 4254
1543 8599 5867
8648 5443 2065
8594 7216 8245
7908 5856 7470
3233 5004 1786
5086 4826 7548
6592 1083 3207
4100 2216 9696
1908 5974 1792
6394 2309 2572
7431 9882 2101
1820 2334 1907
5620 7060 7058
9697 5116 5328
7479 9842 9183
2900 9894 7570
2108 5217 6154
4080 9412 9478
8342 8202 3067
8706 8322 7286
6652 3308 2062
5303 4530 5411
5366 6079 6501
9490 2719 3984
9395 3195 2681
7869 7294 9503
7852 9827 1263
9829 4708 3384
2922 1684 4695
6956 1060 6707
6708 3125 9008
4644 5964 4620
1913 3714 3040
3602 6755 2783
5811 2198 1446
1445 9450 8149
5818 6257 7549
9608 9558 1996
2326 7094 4924
7928 9101 9386
3864 2975 1007
1141 7751 5197
4690 7125 2270
8963 3814 5146
8669 7282 7862
6477 2025 1062
6631 9091 9864
8196 9200 8894
5300 1112 6532
7248 4736 5245
9284 9058 6898
1935 7891 4697
3192 1416 8222
4461 6636 4609
4344 1991 2660
5629 2948 9123
4890 4221 7330
6501 5784 2779
9315 3354 2025
1912 1899 3758
1061 8252 6123
5051 2850 1143
7277 4189 3862
1240 9182 3844
8909 1445 2040
6566 2759 7011
9382 4414 7054
5900 6364 2640
2741 2099 1398
5570 6140 5079
7036 9075 1043
4532 7769 2501
8364 9109 4645
1233 8226 7013
8265 7078 6534
3253 2288 5720
1396 8283 2647
1713 5780 9212
9912 3285 2606
7285 4368 1671
3200 9836 2731
8984 9294 4810
4430 8976 4562
7407 9071 1578
4874 6287 2455
6518 1325 7517
6414 1653 6621
3310 2612 1092
7445 5682 9251
3046 3651 6203
4587 1187 9968
1184 6810 7945
1782 4405 8272
1129 5810 2576
8352 8027 5574
6057 5513 7506
7087 3496 9170
7618 5237 2894
2797 5646 8020
9923 8047 6289
2147 6451 5931
2140 9573 3762
8535 5536 8123
9665 1933 4181
9006 2935 9893
2074 5974 1027
9586 5196 6117
4301 9551 4984
5519 8359 2209
6928 7665 8732
3151 2525 6491
6203 6216 8333
8536 8587 2486
5045 3203 5184
7083 8144 9300
8378 8353 9734
9314 4126 3405
7080 4078 4131
8812 4208 4200
7067 8833 9858
1235 4148 2493
1655 9552 4191
5500 4407 5749
4932 5086 5314
6480 4584 5091
9002 4845 3117
8137 1831 1865
6122 2424 7441
9617 6657 3615
4261 8894 2518
7254 1965 6877
2444 8628 5177
3389 3925 8702
4993 6577 5959
5622 9257 1971
3089 4922 3366
6944 7517 5452
5049 9506 6304
7740 2105 5147
1876 9209 9623
2070 6851 5504
8325 8230 9307
4509 1287 4118
6389 8407 2184
7484 2257 1371
6941 4565 6862
4754 7190 6690
2711 8225 8860
1102 3062 1907
5263 1893 6458
1522 4804 9021
6030 5017 3042
6505 8394 1235
4305 6948 1275
2326 5943 2261
3534 7666 1321
7548 6225 8502
9232 8805 2297
7398 1494 9757
5032 5878 5072
1365 6188 6452
1401 1253 9868
9170 7269 8498
9364 1518 6565
9728 3289 1575
2178 4373 8869
2506 2652 5819
3547 5780 1319
7633 4851 9495
2337 2044 1169
4113 8384 8550
7870 6342 4566
8484 9196 5674
7962 8334 6030
1999 8716 5485
1566 4328 1729
3974 2290 3827
1947 4619 8778
6204 4397 5016
4741 3976 4615
7161 3420 6841
6014 5618 2575
3106 8400 2778
9385 9747 2423
2471 8987 5265
7441 1125 5361
2233 9257 6116
2082 6517 6370
4103 9492 7142
3869 6981 3050
3256 7587 1488
7395 9930 1266
6829 2711 7583
6654 8724 6360
1029 7431 8552
4038 4469 1060
5152 2411 2352
5711 3521 2212
7320 7139 1125
9461 5571 1100
9840 5421 7593
5439 2761 2441
9225 5575 5563
3605 9310 8825
2025 8010 6294
1105 3772 4299
4826 9973 2083
3037 4104 2722
9253 7254 5354
5817 4369 3648
9268 5540 5031
2053 7102 8116
3675 2327 1630
8824 9055 6813
7175 7203 7933
2818 1118 1350
5715 2132 8817
7500 6696 3921
9390 4476 6911
2241 3140 7825
3134 5848 1420
4229 1620 4816
3756 1093 4744
3566 5928 5493
8360 6538 5501
2834 8130 6066
7276 6528 2456
5815 7514 1847
3467 9696 8849
4792 3627 2422
5411 3578 2476
6935 8894 7833
4597 1522 6570
4596 8233 8504
8207 5535 4359
2728 8354 1744
3185 2566 2978
7193 9418 6495
6538 4404 3069
4896 2570 5189
5230 7225 3824
3576 5377 2806
2482 7374 2210
1818 8253 6709
9828 3738 6295
6845 6579 8596
6009 8375 1518
1867 9888 8472
6630 6858 7749
4545 1526 1736
6457 1068 5481
8471 3816 8417
6591 1050 6192
6963 7718 4852
7205 3852 4460
6594 3261 5873
7271 7296 7966
4251 5483 2765
3886 8691 2895
3531 8141 7999
4809 9607 2447
6163 1021 1886
5609 2355 6371
5005 3698 9880
9692 3415 7116
8759 8336 5567
7680 1446 5508
2348 8236 8109
9305 9914 9863
3005 7306 8270
7042 1735 7542
3413 6389 2451
9421 7298 1686
8445 1157 7657
3716 7373 6599
8200 8318 6346
1848 3995 2570
2287 7518 7060
1839 8293 2005
1348 9448 9899
7127 7302 9796
3810 7642 3405
7479 1375 7709
8717 4874 9822
6351 5555 6132
9110 3475 6126
7702 7297 6494
3424 5106 6992
7959 6074 8138
5411 2812 9819
4799 5646 1818
7910 8168 2137
9548 3638 7189
8689 9697 5020
6031 4338 4686
4557 2184 2629
7798 2995 9593
9970 7435 8355
6472 9352 8284
5910 5051 1278
1440 2420 2830
6505 1682 8976
1623 8931 1625
5927 8524 9944
7941 5821 4357
8671 4504 7918
4068 1360 4780
9308 7887 7527
2016 9343 3379
9274 5532 2366
8169 2185 1108
9505 4162 5868
5909 6900 2740
1112 4573 9291
3719 9040 4401
3109 6305 1608
1608 2498 8366
2772 7916 3019
4736 2411 3669
3671 9620 3269
9967 9494 6767
5036 2365 7012
1929 8127 4734
2248 1981 9548
6821 6920 9562
8402 2186 7444
6461 1789 3982
5453 4890 4848
2796 7624 9840
3852 7876 6498
6101 7894 3092
2575 9707 3356
3537 6473 5918
9535 4104 6182
5927 1478 4118
6568 3582 6170
6272 2953 3252
6490 6101 5052
4332 6912 9727
1543 7216 4135
3023 1513 1048
8515 4168 7632
8444 1303 6155
5532 7482 5087
2869 8663 2560
3818 6720 8687
5628 1215 2073
4606 5232 4865
1885 6493 3989
8373 3849 9812
1736 8050 2361
7581 5374 1864
1181 7669 9717
3989 1123 9888
4083 9798 5366
1491 2151 2849
5418 9708 4987
5094 8325 3909
2377 2916 9845
8961 8890 1538
4195 7192 4742
1263 4087 7277
6621 8626 6048
9293 5004 5040
5604 4650 8645
6350 5156 7497
9540 4704 3161
6476 6438 4735
2685 4848 1046
3075 5187 2760
6370 7604 2809
1503 2306 7026
4034 4374 5181
6350 3261 6597
3237 8476 3192
3240 2817 6236
7998 1829 5937
7691 8047 1571
2345 2166 6997
2398 2585 7515
1392 8343 5758
6058 3258 1481
4742 5138 7837
6382 4013 9729
4824 5154 3176
6231 2907 6926
2877 7583 1186
2782 2630 1892
4791 7319 7910
8258 6474 7973
5385 1003 6181
4155 1600 2846
6987 8522 7581
9336 8910 5523
9187 2324 4629
6338 8365 7298
4559 3744 9313
3446 7774 7981
5967 6883 9549
8816 9832 2807
8949 3230 7406
2494 1808 2617
9602 3728 3945
7352 9959 7447
8697 9575 8453
5922 8681 4238
8244 4053 8853
1472 3778 5202
6175 4809 3030
4134 9761 7215
4139 2613 9506
8690 3611 3397
8965 7933 4327
7377 3979 9276
2839 3666 3651
3439 9037 9870
5831 6015 6040
4497 9293 7909
9597 8510 7459
7303 5765 7879
2511 8708 8530
2268 7847 2246
4713 8233 5308
1110 8873 1331
1257 9000 1003
9074 2365 6717
8624 1434 3163
3372 2644 4695
2394 6918 9868
7416 7219 5986
5226 4890 2593
6448 8567 5527
1629 7551 7360
5801 6924 5840
4075 5409 5553
5547 3810 4704
4406 3215 4486
3556 7151 5089
6790 7854 7531
2712 6844 6752
1296 9932 5572
4230 5950 9171
6273 1953 3557
4689 4100 5839
7938 5168 5640
5158 5090 2041
8517 8750 6070
6602 3464 4551
5511 6997 9933
3828 7376 2577
5408 3526 9185
3408 3611 7585
4326 2545 8997
1198 9547 5458
3614 9828 7888
2863 3238 2680
6928 9938 9532
9431 4666 9534
1425 1777 5094
7993 4134 9792
1699 2720 9523
8181 3102 5119
1949 4218 4883
3323 9323 8594
5160 6392 1351
7563 6545 6043
4680 6660 4964
4223 1661 9657
3941 5164 8151
3667 3919 1943
9737 6077 8086
9772 4684 5394
6175 4289 4305
3609 3279 9029
5251 3260 8732
7269 7628 3461
7338 2996 9074
8521 5754 2560
8156 8057 1175
3675 8119 3020
6954 9970 8291
9597 1351 2843
7161 3002 9670
8004 4295 7767
3448 3391 8163
6275 2928 9905
2228 3288 5437
1331 5458 4454
3012 8466 7093
7481 5081 1647
7960 4629 7928
3605 6275 1473
5086 7337 7726
2925 8152 1454
1891 5284 9347
4985 1570 4006
3909 3786 6646
9507 8941 4857
8526 2025 1923
6234 5716 4936
1666 8511 8304
8280 4219 4634
5575 4492 8756
8201 7213 1153
3288 1118 6682
4867 5055 9669
7867 7729 4430
7415 7657 8129
9157 7866 6077
6139 4087 7898
3710 4801 5584
5808 6563 7553
6230 4154 7759
4901 3221 5708
6493 4354 3572
6910 7389 7563
1047 8169 9487
6510 3738 3526
2511 7397 1415
5953 5086 7540
8213 5003 4797
3771 5079 1826
6141 7918 5210
2423 8564 6697
9775 7203 4760
5921 9466 9168
4232 8500 8663
1965 7836 7683
9746 6251 8076
9292 3235 7519
9104 9220 8872
8995 6749 8762
9029 9997 9275
1995 2307 5850
9889 7430 7447
4077 8533 3418
6869 9536 9831
3736 7531 8712
9742 5486 9862
9767 1328 8972
1834 5418 7988
1210 4454 8923
8797 2959 6728
8739 9873 1698
2825 6233 3774
1560 4834 5391
7934 7018 5364
7262 3167 8493
2910 5094 3769
7481 8771 2921
1596 1309 3934
7829 1939 7349
9229 2939 6615
5194 3297 2080
6604 3123 3259
5717 9942 7792
2666 5524 7523
7036 1398 1865
5207 3709 1284
4799 1460 1968
9143 9268 1626
1890 7069 4425
8086 3709 3683
7368 4177 8860
9907 8230 3392
6997 3661 7927
2257 4458 7690
9086 6700 4927
4932 3435 4194
1843 7336 6160
3451 3381 6012
3955 1672 7524
1496 6310 5064
3525 1731 5145
8245 7512 4507
8675 4448 6560
8342 9597 8370
4678 7651 5837
3748 5958 3423
5084 6953 7154
8587 3081 9825
6325 4547 7191
6231 3609 9173
6143 8161 9188
7198 4600 9680
5091 4971 9552
6036 7208 2896
8910 9891 6022
3795 1056 3772
6591 6189 7808
6390 1699 3877
4042 8985 6201
2826 7900 9058
7392 6795 8591
7795 1934 2891
9066 5961 6666
4951 7348 6327
3663 4944 6127
6530 8336 5622
4150 1147 2842
4754 1020 8575
3054 8614 1801
6450 1607 3154
3552 4379 4583
1895 7302 3506
9371 8670 3982
7947 4399 1940
7083 2224 5634
1680 2124 2495
5533 6483 4521
4703 3500 4591
7141 4905 1090
5674 7396 6064
5643 5715 6748
7099 4772 4153
1140 6901 3137
2060 7037 6458
5997 2242 5541
6917 7120 1385
2267 3186 9042
7792 8952 1068
2783 4693 1751
7669 2815 8760
6933 3431 7118
2512 2556 1725
9366 3110 3946
4446 8550 7132
3671 4963 4987
5111 4081 4007
1530 7884 7019
1112 5083 7007
7351 1450 1995
2586 8724 5526
8842 8979 3435
7418 6959 7605
5323 1048 3603
1353 3404 8831
7723 6426 2260
7137 4033 9850
6885 4125 9365
8736 7782 4215
6422 1563 1827
8591 3765 3993
3078 5605 3053
3919 1387 7954
8036 7848 8827
1840 3543 5785
7587 3427 6289
6906 9996 1385
7754 3044 5545
6353 8806 7180
1621 2159 3540
1590 7072 5002
4550 9122 9178
2576 2825 3430
3034 2926 6033
7267 5291 1411
4494 3236 4994
1333 5926 8238
2393 7412 7339
6002 2556 5331
1476 3162 2050
5327 8174 6846
6318 5331 4341
5137 9675 9127
3019 6186 8901
3984 5310 8120
6037 5576 8776
8071 8587 6595
7129 3369 7815
6706 8822 9854
9148 5669 6810
4881 3062 8914
3431 9254 4684
5578 7029 3271
3876 3394 9531
9021 2574 2312
8916 1095 3104
3929 7655 1649
4194 8080 7991
5812 8463 5983
3971 2227 9999
4356 2764 7112
6625 5756 4179
9404 4635 5908
1932 3918 4337
8550 4278 1824
6835 2009 5151
7723 2244 8908
4425 3350 6327
1582 7489 2706
1761 1213 8433
8471 8980 6666
6948 3707 5846
7911 8870 3621
8654 8143 1357
8782 5293 3679
7453 1278 2168
4940 5245 7500
9962 7723 4575
8103 9556 1855
1239 9909 4227
4228 3631 2850
4244 3282 9227
1772 2507 4925
2360 5940 5195
1859 9269 1918
4653 6670 3927
5381 8066 3296
4597 1631 2754
5859 5927 3734
4223 7879 8381
7676 5245 9449
3475 9977 4564
9961 8991 4543
7617 7000 6519
6553 3303 1857
8118 4270 7741
4847 2655 2367
8574 7583 4176
6280 9438 6672
8618 6884 1267
8337 7010 1393
3767 2087 8360
7859 7600 1178
7668 1792 4340
5732 2430 4062
3292 4363 3615
5242 8239 3212
5876 5154 1020
2289 7138 9262
2678 6170 8378
9410 8603 9213
5802 2612 8416
8585 5531 8228
2715 1541 8126
6807 2282 5644
4213 5095 1028
6065 8326 2867
3588 3474 7245
2084 7242 2575
2261 8960 4345
5330 3301 9657
5256 7798 1623
8268 5816 7772
6863 3069 3520
7194 9744 9898
3200 8002 4963
6996 4646 6373
6954 5165 5467
8330 9521 3215
3805 6481 6588
6565 5631 2878
7666 4071 3775
7295 9467 8574
6911 6191 9537
3594 2153 7872
4817 5066 9251
9644 9232 1114
6541 7334 1745
3741 4055 7560
8377 9385 2396
1551 7195 7226
6301 7710 6692
1324 1733 6160
4372 5466 4517
4506 8148 7080
2273 1688 9067
6510 8679 4014
4305 7444 4119
7743 9300 2954
3160 2772 6660
4653 1815 5541
4431 4137 5430
4050 8353 7515
4406 1610 3622
3777 8419 1613
4541 7810 2327
7304 5539 1119
2538 1778 5792
1919 2516 4303
1349 8337 5287
4947 5456 9622
7009 8647 4926
5436 1533 4883
7850 1257 1755
2029 4495 3826
2687 8979 1452
4965 7179 5171
8759 9993 8583
1222 9428 4507
3505 8591 5810
3396 1194 4589
9915 7779 1011
9852 4872 3094
7247 1869 9147
6290 6812 5650
5210 2931 5936
9576 8268 2349
4797 9646 2236
3082 5647 4397
3339 3696 5556
1593 3437 8785
2788 4349 2875
8815 6890 6862
7537 5673 8490
3214 7551 3097
5147 8300 4598
9417 4294 6825
7414 6671 9886
4634 9415 9491
1393 4560 4245
7455 8772 9231
1037 1934 9287
8815 4075 8801
3706 6788 4867
2703 3110 2419
7931 4634 7849
4095 7694 4568
2503 7609 3925
7943 6358 7177
5122 4771 4721
8804 4677 4995
2776 2801 1831
8510 2587 4373
3901 9428 5879
6293 2363 3562
8720 3737 2675
7148 4422 2515
3828 7762 3380
1880 9318 9162
8230 5783 5522
7400 1239 8857
3567 3219 3616
7678 9687 1290
1314 1212 4345
5885 3636 5397
9799 1839 2922
4048 1142 7296
6152 9286 6295
8284 7029 7864
2323 6255 9797
1750 1235 1704
3084 3937 8729
2132 5042 6238
2242 5619 5541
2864 1098 8010
5782 1104 3892
6067 3751 3477
7074 1571 5325
8194 8674 1563
7738 1585 4122
2597 4697 9100
2542 8880 7554
3758 1097 6928
3485 3877 6436
9748 6263 3167
3915 1968 7834
5904 9227 5046
4015 5997 1809
3580 8613 5839
3820 2656 1121
1015 5367 1824
9840 9158 5075
8045 1695 1908
9541 5531 4092
5625 6916 7889
9688 8348 1537
5596 2004 8593
5218 6813 3668
7602 8511 6958
9572 7711 8897
8038 3363 5330
3080 2295 5351
2610 2574 4026
1014 7325 6448
2907 9876 8060
9650 3728 5446
8570 9424 1900
6566 5394 1553
5917 3714 7743
1982 3125 3766
2087 2504 3403
3171 8011 7960
3860 5480 5011
9497 6216 3702
6610 8176 9562
4268 6675 9737
1441 8367 5908
9087 3119 8330
5910 1029 9123
9386 5925 5652
4567 2993 1388
7186 1209 8929
4273 6549 4243
4223 4094 2497
1490 2980 5147
6572 3629 2382
2381 2898 5875
9714 4260 4606
4678 7685 6016
9551 2170 7804
9056 1267 8054
8108 4883 3557
4877 3466 6143
3497 8307 1015
3529 3625 1682
1412 9829 6170
4732 7654 9270
1343 6156 1736
6467 5805 4118
4778 6962 3448
5701 5304 3725
2629 8225 2493
4673 5268 6050
5137 8299 4703
2272 4468 7054
4858 1226 5653
9537 2843 5064
3909 6892 9512
1216 1056 7392
5993 3011 8697
5621 4292 2050
8257 3254 4718
6119 7386 7093
6471 2881 3731
7420 8393 5120
8134 3038 6484
8749 2442 4528
4033 3937 4171
8396 8228 6456
8954 4067 5979
2437 5931 3207
1203 9167 5447
7855 6854 8664
4102 9751 2733
6776 3303 2406
5778 8865 2488
1481 5741 6732
8847 8917 8461
5358 6293 8094
8281 4764 4341
4749 6555 3279
3461 8894 7348
3413 1524 9662
5557 7171 1392
7445 2123 1404
6617 8472 7843
9520 8671 3656
7534 2891 6176
6957 1760 6078
7498 2560 7426
3096 1705 5041
2219 7691 8071
5923 9307 2014
1555 2007 5094
7120 6899 2387
4847 2181 1497
1499 1325 7692
6974 8394 2524
2377 8332 1446
5215 6379 2513
5707 1706 7979
8037 8274 7212
2174 8061 4104
3416 5737 1825
9070 4993 6995
5362 6668 5925
9846 6524 5677
4608 9723 9092
9294 6194 4596
4687 2423 7688
3888 4049 6345
9859 8921 6476
4634 2622 2618
3863 4828 6417
3760 4216 5434
2267 3338 1124
6629 6938 9442
6135 5279 8825
5093 7585 5294
3783 2814 7423
9270 1326 6308
1614 1433 3674
3254 7634 3609
4955 9769 6694
5488 8360 6240
5394 6623 1792
7020 4971 6526
7735 5886 9058
1923 2942 3113
8553 5125 4055
7223 7627 5459
3156 6843 4917
4773 2555 7674
8444 2712 1099
9372 5917 3807
6116 9513 7727
8242 1367 1100
3907 9838 6453
8280 1942 9697
4610 5327 5120
2717 3051 8868
1454 9207 4921
9139 4503 2967
4070 5296 8512
3141 8075 6959
6573 1436 6060
1665 4190 8399
8364 5178 4654
5847 8982 5937
1933 5213 1490
4160 4082 8893
4776 4952 6678
6772 5976 7149
8947 9391 1482
6116 1768 3535
3010 2086 3261
2772 7402 3601
2525 1604 6804
1953 7280 5645
6801 1248 4164
7189 8362 1758
2020 2651 6539
1170 2658 2552
1536 4098 1643
2407 3896 1959
6965 8384 4588
8899 3436 7206
9223 2253 9546
9695 8929 6076
5693 1576 3925
6323 7461 4331
6588 5725 1811
2231 5380 3764
6753 3659 1256
8389 3528 6881
9733 4397 8037
7846 8745 3268
2595 4618 8692
2585 6700 6992
3944 5643 9405
9030 2591 9741
8224 1800 4335
3555 5394 7154
7983 7828 6018
3672 2747 1461
1161 3470 4933
1573 8159 8176
2188 3935 6808
2170 4342 3633
4237 7558 6182
9827 3035 1336
7989 2107 9778
1415 4415 4990
6504 1026 2714
7558 5658 1012
4272 4925 6938
7010 2184 3557
8535 6195 5590
5626 6691 1866
7631 5727 3794
6883 4028 3300
1636 2066 2915
1757 6085 7537
8311 8781 7394
2210 8796 3493
1564 1163 6671
1376 1758 8708
4542 7188 5497
5780 4658 3164
7927 5398 7406
5860 3643 4594
3800 4466 6655
1102 7443 2098
8896 2696 8545
2690 4023 3620
9756 5249 3670
4616 5504 8848
5509 8507 3648
3748 1876 4599
3898 2100 9072
9383 9830 1530
1231 2394 3733
4636 2547 3681
2685 5427 1436
4939 2373 2523
9459 8762 3448
4542 4604 7714
4552 6727 3013
4010 8750 4467
3871 5402 8489
3974 1841 4193
3686 2614 3973
6184 8075 4825
2043 9397 8161
6375 5380 1435
8077 2823 5769
5660 4073 4399
5740 7930 2364
9699 6402 4314
7987 6640 1210
3124 1421 8251
7226 6286 4174
8344 5065 9569
3748 4114 6785
3899 6354 7279
9669 6559 5486
5338 9859 5822
8790 1036 4381
7501 1323 5681
6159 7419 9192
8966 6739 7159
3476 6501 7021
7094 6296 3206
2861 6920 4835
9275 7579 2909
9751 9705 6494
6998 4793 3454
3199 6595 1390
7647 2536 5731
8092 2966 1171
2876 3672 1900
5020 1390 4939
9932 3757 4967
9649 9346 2525
8767 7803 4014
9239 3740 8017
8282 7845 1762
4696 8477 1890
2423 2319 9688
2642 5093 3669
5140 2588 9155
4764 9048 9943
2632 6636 6479
2527 8157 6869
9470 1832 4054
8528 9251 4032
4683 8239 3996
2256 4286 5241
2471 7000 1663
3517 9845 4014
5340 5317 1370
2221 3576 7824
8014 6972 8692
7162 6693 4296
4871 6117 9960
1948 4718 2821
2571 4671 9747
8806 8318 4721
9370 1349 1877
6406 6727 9622
9640 3475 7867
6553 5189 9219
8394 2713 7281
8664 7008 9843
7881 7808 8188
1998 9781 2254
4083 7663 1392
4752 9151 2076
9751 7113 1306
7307 1533 8059
9276 1745 1487
9374 8566 5953
8061 3631 8150
3070 8647 7293
6487 3063 3929
5095 5218 9580
6094 2113 6733
7680 3044 2653
8968 9721 5120
5317 8380 8894
7588 2778 6412
5070 8058 9568
7704 4906 2655
1556 1737 6523
8168 9160 3829
9432 7024 9185
1656 6533 5862
4443 9726 1622
3471 3029 9946
5384 8061 6966
4704 9608 1971
6586 2404 2331
2490 6062 5515
6973 6811 5624
3396 7141 6926
9288 8588 1389
9481 9225 7669
1184 6565 8493
7001 2508 3154
8522 1427 3590
5624 1768 6823
1204 9769 3680
2904 3621 6149
6889 5631 2152
4684 2504 5621
1729 9208 2851
2103 2025 5220
1057 2671 1110
9522 7371 6668
5511 6183 4181
3722 1328 6444
5269 9714 9372
5580 4595 5082
2436 3765 3240
8169 5053 9478
6537 9330 9607
2966 3724 6262
9056 9805 8350
4835 9465 7501
9322 6419 2865
8108 3895 3056
2165 3818 2416
1598 1535 1570
4524 7185 7548
9699 1116 7946
7248 9346 3406
5843 6091 6289
1865 4199 8984
9134 5859 8903
1873 1773 9823
9301 3352 9695
6054 7478 7630
4609 7113 6040
5250 5580 6932
7389 8532 4576
6088 4532 9261
7619 2873 3553
9359 4358 4525
4810 8809 7725
2031 1501 5242
2920 2918 4961
1951 1834 1339
8947 7247 6022
8944 5697 4857
3808 9751 3315
2213 9323 4361
7572 9901 4900
9225 4968 9462
6733 3505 2421
2011 3337 3567
1430 1443 3154
1141 5543 9103
9230 1065 8763
4728 6376 9854
4886 8509 4320
8371 2965 6335
4974 7216 9148
4769 1722 2761
6617 5039 6987
7604 2747 2743
8956 8327 6156
1165 1182 4759
7118 3616 7805
9585 4643 8551
4765 7007 9611
4030 8897 2480
8095 8199 2141
9171 5378 4946
8560 7691 5547
6153 5440 4736
9841 3105 5419
7231 3284 2506
8564 5389 4663
5191 5366 8726
7031 1301 6548
7022 1815 1139
6734 9748 9934
2273 2603 6629
3501 7622 4936
6182 6646 9691
3865 5663 7633
9575 9161 3757
5005 8767 3582
3768 4787 9789
6899 5838 8772
5360 1818 3700
1970 2917 2109
4905 6542 7527
8654 7211 4569
2962 1108 9744
2471 9999 4899
5745 9925 3848
9240 3168 3516
5767 9848 3159
3814 6192 2897
2771 9651 8586
2143 2321 9304
2000 4826 8940
4013 4786 6494
6268 6913 5657
3006 9810 5960
9298 2800 8456
6551 5148 8128
9837 6774 3746
5808 4549 1402
8843 6055 9717
8691 2815 5741
1589 6684 7027
4960 9161 3046
6059 8080 6562
1574 1794 8726
8089 5679 3001
5478 3722 4599
5475 6941 9904
4726 3913 4219
9150 4015 2806
5073 5413 4451
3393 3703 3900
7115 9921 6380
8708 5392 9707
9364 8411 5711
4492 8799 5073
1324 7173 3230
8044 9232 3731
2206 7352 6010
5286 7591 5642
4236 4045 8598
6931 7344 4284
1022 5483 6388
7234 7328 5512
2267 2690 4857
2235 5384 6113
8110 9011 4553
9362 3095 6142
2677 5732 3137
7487 7017 2172
2441 9173 5939
2947 1781 7440
6659 8824 9991
1679 7612 5064
7521 8367 7933
6425 6817 3699
5076 8729 7972
2195 5386 9550
1202 4625 9230
1872 4703 5784
1920 2352 2343
5002 6344 2747
1406 8010 3841
3769 6771 1307
6417 2240 1780
4875 8192 3337
4211 8329 6329
3446 8935 5350
5173 3794 1478
2215 8476 5685
7924 6840 9487
7127 8941 1916
3642 8299 7144
5394 6948 3486
9644 7410 1288
5743 8174 4012
9258 2262 7948
6968 6899 3709
8471 9919 2606
2585 3556 1599
7583 9402 8180
7034 3250 5821
8440 5671 6242
6393 2713 3336
4559 3929 2588
3777 2128 1699
4679 1023 7740
4435 7306 3927
7856 4016 8734
1744 2808 6321
5962 4655 8155
4444 9235 1342
6517 3957 7492
9159 5241 5991
8720 9501 3060
9690 7402 4779
2541 5377 5737
2372 3914 8147
1332 3700 1107
9158 9551 2104
1169 1352 1226
1053 7200 1314
6680 9464 8663
8282 3030 1269
8700 6931 1560
4304 3338 8723
7459 3490 4533
3610 2140 3176
2889 4752 6492
3129 1710 9144
1845 4209 6871
7058 5954 9286
7011 9887 4063
2604 1831 4121
3517 9209 3523
5811 5242 3742
5728 3848 4895
6078 9540 9542
8737 1048 7702
8775 7991 7003
6999 2649 1710
3515 4768 7163
3832 8302 1729
6561 8245 6374
5048 6731 5990
4807 7302 1328
9413 5281 8878
4325 3362 5375
7741 6476 2385
6630 4913 1666
5878 4249 5120
4060 8491 5077
7975 2043 7334
9967 3432 2991
7099 8693 6192
9732 3338 7948
6513 1800 6481
9204 3002 2486
5989 2726 3428
5898 9449 4074
9630 3984 7511
8107 7304 9629
1458 9944 2113
4073 7582 6991
8730 6613 6700
8795 8917 4327
9474 4387 3314
7077 3535 2667
3860 6729 8405
7889 1253 4836
2981 3566 3537
3089 2961 9155
7706 1464 4956
6597 7786 2488
5254 2281 2489
6112 1637 1122
4887 1377 1487
9576 7122 8741
5277 6050 1436
5449 1089 7819
2451 4414 3375
4803 3395 8186
3091 5614 8936
2293 3964 7399
2963 4227 7509
3846 7229 8570
3842 6508 2915
4535 8372 2908
1848 3230 3839
9700 3948 7668
5765 7897 1652
3859 6450 5578
3497 2999 6274
9278 1005 7776
9355 4400 4452
1287 8107 8721
9923 9289 7601
9340 1897 5842
9938 6417 5999
1897 6508 4898
4350 7974 3777
8946 6852 9924
7817 7971 6131
3260 8124 7525
9704 8483 6155
9135 8801 1927
2188 5040 6484
6786 2782 2361
2286 5776 8125
8080 2151 6947
1544 4006 9366
7889 1967 3525
2993 2322 7134
1490 3044 4859
2282 6616 5622
4125 2883 7586
9619 3217 9782
7716 2955 3918
8431 5525 8268
7343 2266 5154
1820 9349 1137
6785 1311 1777
6122 1509 7186
2118 1767 2910
2396 2183 9481
2873 8442 7385
4687 1832 5194
4111 8484 6926
9209 9436 3020
2006 1310 5913
9134 7718 9022
3520 5389 7855
6648 8609 2901
7477 2945 7128
4802 6025 6141
6051 3578 5025
8745 1349 7360
2656 1806 4608
6030 7704 3479
6567 8020 8833
8573 5992 9659
8584 1158 5290
7089 4509 9635
1130 3389 7463
9879 2234 1838
5555 2475 7979
6446 1274 4484
6035 9355 7573
8336 1199 6382
5909 5625 2695
8463 8991 4988
8456 8703 9948
8417 9810 7003
8566 8732 1742
6108 9609 5460
6590 5023 8180
4429 5947 7388
3811 6321 2004
5227 5654 5247
1435 1167 8175
6938 5768 6696
1745 1767 6090
6072 9084 8552
9131 8927 4498
1732 2935 6863
1504 4981 2318
4262 1386 8867
3409 2675 6370
2479 5899 9192
6598 4603 7865
3638 1168 8917
9310 6382 8732
5315 3601 1260
4470 2033 4968
8706 4251 9095
5860 3649 6752
5231 6093 7913
2412 1574 3893
2969 3532 1053
3137 6116 7504
4619 2935 9974
4505 4456 8034
7198 9701 7048
6740 3172 7852
2466 3036 4024
7888 9855 3314
3046 9219 5400
2381 5178 1227
4348 4721 8681
6211 7904 7411
4461 5488 6035
8485 6747 6958
7358 7729 7153
5154 1802 3128
4388 5963 7874
5499 7472 5539
8299 7508 1477
7856 1735 1378
9654 3054 5053
5041 9214 6082
4947 5928 1776
2378 1183 7807
9451 7583 8521
7075 9751 6030
1400 4709 5744
1128 8071 8150
6562 7618 1342
8452 9527 3431
7852 5905 7011
5576 4674 3964
4302 5327 6779
1032 3606 2545
2378 6475 2018
8608 4034 3627
4877 3378 3910
3229 9231 6013
8997 8751 3660
5690 5543 7371
2798 7803 4977
8607 8106 3293
2552 7842 9325
8031 9981 7625
7429 8896 2833
3705 4401 9427
3828 1033 4979
2691 2275 6002
5166 3442 3355
3776 8417 9930
3554 6137 6968
9377 5119 7704
4193 3002 9703
4847 8402 3333
4579 4627 1580
2139 2492 6915
4004 4326 3715
4075 8717 4498
3955 7027 9454
9569 3981 6090
1837 8515 7055
3781 5350 7076
1951 8324 8869
2245 1829 7245
6325 6764 3011
9426 1932 8076
9856 9429 3189
8628 5837 2669
5890 1307 4873
9030 2859 2432
3888 9007 8615
8238 5934 7547
9711 4695 6407
2263 7887 8488
2202 6885 9228
9259 3982 5954
8406 8921 3999
5608 4456 8218
7324 3500 7055
9224 5103 2568
4280 5141 5595
7486 9242 2247
8480 3640 2497
9527 1181 2091
7040 1448 9662
5115 8711 7952
9266 8663 2066
3933 8107 5932
4419 2404 2415
2759 4157 8598
1585 5450 2354
4364 2557 7501
9504 4910 3771
1336 9810 4648
9572 5729 5568
1944 4254 8982
5282 3832 8253
7052 3548 2991
3858 1035 4113
8335 4091 7409
2145 4916 4799
4277 4413 5997
5119 5751 4119
3120 2543 8190
8114 4071 7737
1225 4221 2634
1397 6326 4798
6761 4279 6050
8864 5517 3960
2260 5760 5079
6170 5688 6370
7527 3607 1802
2205 6186 3041
4814 1917 4548
9883 3679 8925
4298 5179 6551
1170 8308 1172
9770 1815 1477
3835 2041 9626
7316 9742 9332
5142 3443 1540
2211 9030 7165
9535 7648 7190
7972 6043 6728
4357 6715 9481
8914 8398 6048
9549 8340 6748
5868 7233 7630
3487 4151 7968
5380 9080 4735
9476 4083 1220
4845 5265 1847
4872 6567 5509
5670 7656 9559
4870 6350 1964
3131 5698 5514
1907 5517 7580
1558 2357 4613
1160 4614 1847
3561 7875 3926
8363 5219 6493
2662 5993 7971
4899 4024 9793
2751 9256 2139
6403 8628 5494
8891 1750 7507
8636 3044 3579
7900 3105 6873
6364 6514 5468
6827 8547 4576
8023 7530 9253
8760 8760 5530
4054 9396 8153
3040 8248 7634
9944 3958 7332
8347 3829 7940
5136 2344 5216
3783 7040 1980
3525 7188 7995
3062 8371 4255
1021 7840 7968
7824 6761 2268
8745 3859 5026
9888 4575 6969
8635 4525 5607
7981 2972 8158
6071 7393 9195
9970 7050 1341
6669 3568 2854
2995 4313 5023
3593 8323 8712
8222 9923 7976
6931 9139 3421
6848 3221 1833
5010 8472 2969
9048 3361 8917
6374 2297 5681
5677 6904 8759
5593 1934 2865
3254 6033 1638
6646 1015 4028
4846 1466 5304
3876 8912 9941
3717 9412 5223
5748 9458 4437
7082 5696 8287
7498 6469 6815
7868 2242 6649
6683 3688 8598
9991 3299 6095
9004 3104 7747
6080 9007 8981
3315 1199 9367
7343 8499 2418
3969 9549 9347
7001 7940 8731
1321 6611 5986
2122 7087 3408
2258 3402 7018
9785 2245 3052
7133 1944 2103
8761 1247 8879
4514 4397 4617
4808 7453 3171
5420 4081 9456
5965 5526 9715
6567 1638 5039
7962 8393 2673
8487 2960 1532
8020 8798 1017
4763 3609 8326
9357 2463 3519
8331 9825 9683
5912 8759 8301
6674 1915 7255
6784 2395 8512
9987 2412 6509
9221 9978 6954
9024 7380 1807
1345 2345 2791
8751 4494 6023
2158 1572 5466
8243 8436 3201
8770 1773 5131
4916 9555 6053
2875 9383 9980
4598 5388 7547
8932 9488 5825
8323 3252 5957
3977 8494 9615
4028 9569 4883
1326 4767 2781
6326 6864 7836
4462 1947 4051
8789 4320 9882
7077 9555 4284
7002 5394 6776
7692 2930 2884
6136 3093 3842
9724 4982 8623
1221 9576 3376
8131 4238 6469
6924 6366 2866
1751 1376 9422
8783 5198 6395
7481 1253 7349
9292 5990 9233
7668 3271 2730
3598 2153 5160
7578 5470 2403
1094 5914 4355
3575 3964 4092
7147 9881 5471
8087 8023 1499
1166 2357 4768
3193 2392 8895
8088 7232 6507
5365 3141 5255
3886 6247 6553
8855 7666 2511
8563 2024 2000
1439 5774 9718
4386 9816 6208
3216 5237 2936
3040 6117 4758
4000 6400 3475
1648 5436 1905
7965 5105 1603
6634 6304 5566
1546 9159 5381
2052 4582 2650
7146 8491 6819
3629 7933 2165
9022 4676 3943
9994 3674 1894
8373 5558 5966
1708 9809 1708
1114 5689 3991
5514 8666 2513
9694 4145 2269
6210 7903 8156
4750 3585 6710
8739 9363 6697
6417 2313 4205
2252 7292 7008
6554 8723 6934
8091 1047 2712
7009 6612 1182
4895 9159 2953
1653 3378 7265
4858 2403 7961
7024 6200 7312
9008 5058 4612
5804 3336 5343
8006 1522 6715
9446 5339 5235
5193 5202 2220
8451 5346 4622
2012 9999 8636
5307 7767 1164
6584 4848 9958
7485 9934 2926
4904 3296 7978
7136 6464 4902
7219 9585 1979
9636 6662 5166
9451 7884 8657
9067 2057 9955
4404 1518 9249
3370 4050 5847
7037 1275 8552
1954 1064 5610
8776 6556 2920
6310 6028 3545
5069 3952 5429
5768 5925 1403
2272 4129 8121
7923 2787 6832
5935 4282 4711
6119 9959 5682
1603 7458 6675
6159 8109 1014
2328 6148 4279
1820 3050 7962
1795 7284 9015
7520 3805 1646
6650 7548 9925
2731 8677 9803
6519 8143 3637
9451 5418 6211
1150 4741 5525
4995 2153 7916
9068 8823 7418
6500 2361 7000
6572 8040 9704
6791 1559 2122
3061 6252 9662
8110 9926 3864
9382 5321 8357
6486 9298 4745
7251 4887 2145
6251 5861 8439
1061 2200 3434
1519 7621 7473
2040 4566 1010
4684 2573 4198
4961 2683 8624
1192 9934 5725
1352 9108 2485
6377 1462 4922
4230 8632 1199
5137 5534 2712
8409 2780 4723
7097 9212 8888
7958 7316 7573
1518 3868 6066
5386 4312 4012
8296 1763 6420
7352 7572 9327
7662 2314 6538
8141 3874 4206
9651 9182 2312
1124 7025 7526
2498 6685 5082
6289 4997 9784
6638 3440 3138
1872 4513 3331
3105 3920 3414
9678 8440 3772
1727 9464 7836
1845 9683 5953
6669 6266 7899
6168 5971 8678
7027 7635 1597
8368 9062 7478
9205 3902 1577
6881 3257 1319
2376 4199 5924
9291 9812 5987
6686 3572 2042
9240 6026 9710
1338 1092 7606
3976 8982 1756
3851 1043 7609
5892 2182 4220
9149 4478 1364
2974 9965 1878
1242 4592 2078
4208 3269 4184
1405 5387 2594
8045 8048 4068
3456 8226 8637
5968 3894 5074
3909 6123 4691
6717 5825 2012
2723 8961 1172
4834 1226 2295
3264 9650 4653
6165 8086 1298
4487 9758 4943
5104 3130 9905
2725 9454 7500
8201 4686 7036
5629 1164 3577
9979 7501 7431
4521 2049 4449
9544 7759 8208
9170 7429 3460
6716 5952 1180
9106 8218 4253
5006 6591 7349
6506 3902 3563
7888 1970 8656
9783 7181 7656
3572 9451 5540
8969 4740 2995
3248 1299 9886
1799 3513 3565
7329 8654 8836
7057 5802 9649
6652 6464 8691
2005 2866 5267
8503 4997 5731
8994 1276 8864
6432 4421 6489
6076 9216 6262
6208 3350 2003
9181 6468 1019
7637 3011 6273
1042 8327 5422
6458 8485 1684
7909 7996 8641
1396 2540 6990
8770 7668 4515
4539 5684 3969
2344 3524 8168
5331 4308 9320
1145 9902 1538
7250 1866 9552
1580 1648 1483
3987 1608 2697
7858 6660 5977
8455 1455 9223
4897 4877 5582
3947 7630 5636
7333 2437 9096
5891 3917 6818
6984 8145 2872
2827 6098 8751
9193 3064 3421
9440 4455 8032
3182 1073 2178
9347 5600 6794
9019 1863 7185
6380 4372 4358
2994 2491 9338
7607 1016 9690
6593 9151 3161
2572 4293 3036
6522 1630 7303
1816 5689 5924
9267 5034 3991
3727 3832 4176
5704 1669 7638
5582 3034 6563
3335 9047 4156
1878 5421 3957
2301 7413 9737
1944 8629 3500
2968 1245 7138
6663 2328 5565
3925 7266 5518
3229 6501 3904
1378 1662 7918
4453 6461 9485
6061 2182 5173
5345 9618 1062
4594 7854 4786
9098 9288 1698
4253 7125 3249
9064 9625 6588
4741 5062 9083
5562 6751 5331
9360 7797 8505
6621 8621 1687
1936 1557 4361
1897 4412 2623
3650 6590 1447
2310 5137 9450
3561 3650 1617
7165 7264 2165
6990 6773 3902
2466 8588 6500
4917 4430 6528
5908 6763 1261
3631 6986 5506
3799 2929 1016
3374 3180 8314
2662 2808 8631
5185 6164 8264
4302 4472 2267
2599 3178 1017
6182 5365 9605
5581 9659 8578
1449 5064 8690
4430 7886 5058
3120 9752 6838
6556 1105 7682
2883 3880 2235
6570 3789 8857
6905 3699 4194
4164 1279 2185
1477 8214 2335
7458 5285 5456
4782 7412 1564
2276 7657 6396
8458 3700 2589
1580 8505 4619
1787 9196 2641
9281 6185 3560
2226 2668 9854
8722 2666 9187
6918 5169 1315
8168 7137 8660
2522 2222 4592
9723 7383 4196
4459 9018 8316
9658 6430 9132
5660 9789 1483
7868 1933 2394
1362 5071 6120
3191 4194 6715
5471 7467 2684
5277 1332 2052
8177 4852 2018
8185 9475 6898
2528 4119 6529
5526 7840 6227
4533 8688 1837
5827 3132 2034
6479 5263 1637
7684 8077 5775
9979 8172 3196
8284 3290 2209
6972 9907 2639
6639 5697 1706
6621 2631 8083
9562 5015 9200
4484 8772 5119
8480 5148 2704
2842 6152 8682
4101 4699 2348
2136 8257 3873
6275 9941 1080
4533 6116 4312
5859 6210 2411
9547 7567 4476
7585 2820 4861
2615 6995 1108
9633 9914 6202
5628 9154 2004
1526 7528 8780
5564 1022 4277
4220 1060 9246
5982 7279 7390
3721 2859 1734
2280 4671 2046
6583 1878 1831
1586 1536 9449
9060 9883 8919
2346 8267 7551
8658 6702 4922
7462 1067 3642
2774 1483 6378
7562 4889 1867
6018 6946 3810
4157 9331 5662
1745 7474 2890
9672 7317 5441
9765 7472 6881
7686 1680 8286
6149 2617 9469
1987 2998 1742
3029 5355 8075
1796 5103 3561
5137 9511 6357
4907 6541 7485
6189 9974 2272
2316 6026 6676
7077 8275 8373
3603 7058 1551
5342 9529 4424
8010 6543 5915
5965 6079 2457
4432 4339 9009
1286 3773 4642
4233 9327 9238
8297 2770 3860
3728 1152 1391
7681 9818 8247
8109 2390 1649
4053 7281 7710
9828 7637 5677
4685 3212 4139
9834 9954 8445
4771 1370 3662
3568 6466 9180
2387 5366 5297
6247 2348 1161
8977 5962 9251
8706 7151 3221
5927 7401 9760
5019 3816 3084
3616 7046 5732
2047 6324 2520
2968 4147 7771
9555 6799 2742
8711 9103 6534
8374 3275 3214
9187 4090 2706
6037 3181 5529
2365 5252 7882
6320 6572 7057
2459 5448 4492
6401 6337 4854
6802 5407 3972
6048 7118 7725
7557 6182 5492
9938 3852 9890
4115 5170 8262
7665 9338 3321
5427 8075 6870
6581 9529 4178
6364 1731 3389
4425 8951 9289
5766 9543 7491
7270 3993 9433
1613 9876 7132
5474 4907 5179
3327 5666 7868
3020 8212 4180
2769 4888 1481
7537 4652 9547
3605 7803 7335
9020 6819 7477
1695 6370 7383
1772 2687 2458
8528 4468 5274
6755 4357 1465
4180 4721 5759
6638 5006 5434
5710 5802 3701
7713 1614 9076
1011 3549 2802
6615 6348 3702
5087 3844 4041
4437 8714 2857
7229 6025 3090
1606 4966 1852
6661 5738 9404
3658 5196 6964
6858 3051 2665
8232 9899 1924
7911 9249 5261
2663 2594 7496
7421 1717 1119
2949 3982 2419
8305 6246 2234
4587 8351 1020
1940 5500 7626
2715 9885 1212
9479 1366 9151
1460 4307 2534
8720 4106 4830
5906 3306 4740
2706 4818 4004
5801 1547 4306
9234 8300 1057
6270 5466 6333
9762 4136 2787
1228 1241 8135
7004 7229 5834
5406 1736 9410
2001 9807 4414
5726 4692 3191
5278 2249 8452
7268 7412 2794
3488 4077 4405
8581 7065 7965
9256 6829 7227
3483 1496 2725
2634 6762 9886
4830 8430 5143
6126 1154 7930
2877 6581 6761
4148 2472 6830
4697 2413 2931
7023 3722 2518
2623 6263 2945
8186 1221 6435
1604 4787 3268
7054 5673 5710
2238 6532 2293
5968 5791 1142
6683 2910 5551
5443 2958 1008
1932 8574 4066
3932 5927 5447
2500 7388 2732
3662 2652 6340
7943 9636 6918
3252 8424 2972
4068 6487 3453
2754 4536 8443
4580 8737 2056
1084 6080 4957
1496 1312 9939
5207 7858 8838
8194 2258 8054
6853 3898 9800
4695 2421 2735
6782 8338 7026
4651 9413 4450
3033 8241 3125
7396 5094 4708
3919 2367 3013
8111 2668 8937
4751 4244 2534
1547 1192 9490
4507 8155 1004
8923 7272 3356
7717 1728 9177
6241 3588 5981
9986 6360 4156
6883 9086 9602
3678 4169 3013
5935 6878 2137
2060 7283 9067
9367 4066 7296
9894 7910 4312
6077 7570 9208
9443 3601 4184
8768 3689 4534
4488 8663 4027
7745 9233 3091
7761 3190 1985
2044 3958 4255
6006 9651 7883
2909 6570 1957
2122 7729 4002
8108 1231 9641
5022 4206 8492
7642 1140 4719
7330 5305 6576
9497 2359 8716
3632 5368 3912
7936 6784 5453
7852 1397 5616
1711 6159 3684
4427 2077 2922
1451 6116 9139
7689 2571 5050
9294 4198 9176
7442 4320 6985
3670 9143 1493
6374 6132 7747
7351 5767 6357
2632 6073 9199
1622 8046 5441
2099 6308 7933
3058 5269 2409
9417 6365 7112
3471 6184 7750
8460 5979 3191
9609 4174 6310
5269 5411 8569
4660 9423 1368
7000 8964 1167
2341 7779 2734
6374 9171 2557
8990 8631 7874
7883 8236 1413
2195 9175 5811
5536 3574 7470
2062 2090 8456
7810 6021 3786
1346 3885 6695
1637 1881 6768
5987 9765 3835
8472 6916 7637
9472 7793 8396
8336 5944 3800
6311 7332 7516
9349 6632 2245
5034 3158 1296
8683 9048 9836
5504 4453 7768
1633 6427 5199
5793 1121 9295
3572 5378 1604
1660 4637 2033
1375 1838 6559
6847 5885 8326
8892 4772 2905
8539 4952 8933
4921 6631 6346
8600 3107 7984
4205 4135 9973
6304 1352 7342
1865 7456 8607
3292 2252 1946
2674 1267 4940
5989 5364 9572
6769 8508 3170
3410 5348 2136
2913 8173 4575
4137 5063 2016
9200 4482 2826
6879 4660 4916
4025 7037 2300
2236 1759 6262
4900 8094 6195
9987 6619 4962
4794 8206 6664
1205 1422 9756
5809 6775 3916
7911 7230 6888
8394 2736 4098
8038 9443 9403
6393 1596 8408
6820 8555 2720
7012 9418 4765
4025 4798 8582
6754 7775 3391
4647 6423 7722
9653 9008 7298
9749 5105 3136
2257 7097 7164
3167 6150 5981
7402 4903 4340
1556 7820 1708
7101 2990 9176
8440 5503 5859
8623 8746 3536
4689 6350 4868
5057 3701 2508
4121 3351 1304
8813 6392 9414
3043 2511 2472
3810 1281 1400
1750 6304 1955
9784 7708 8110
2067 3870 7482
3326 4631 8615
9012 1885 4394
4804 1403 6944
4570 9084 7929
7517 6509 6794
9278 9876 6601
5545 4687 8083
1545 6039 4650
4385 5984 9045
3623 1369 9789
7317 9412 7196
1555 8628 1773
4301 1703 5509
5208 3577 4367
7121 6053 6618
6327 8125 6746
9659 1170 3666
6351 5816 1202
4993 4310 8634
9671 1164 7590
5823 4604 8237
6546 7023 9811
9756 1116 8042
2740 9780 1211
3065 1973 8163
6557 9976 2940
1482 9195 9448
3903 9608 6649
8451 8471 2735
2251 9945 5014
1209 4688 7276
4301 5049 9148
2942 7822 3569
4058 5314 3279
5343 3067 3704
7169 9904 8018
1579 5753 9110
3453 3237 6890
6225 8463 9541
1519 7258 7960
8813 5165 5778
7687 4263 3291
1943 4450 6340
3244 4709 9355
1778 3480 4094
4849 3755 6330
2580 3251 3317
6170 6927 3534
4122 3322 7124
4471 6576 2686
1313 7784 9342
4062 6900 2739
6590 9871 3053
1220 8487 1470
4951 1621 1058
6825 6352 8668
1691 2171 9869
9551 2911 8598
7071 1270 9786
8823 5772 3513
7561 3050 6394
2148 3083 1836
8704 5445 2395
5225 8314 4085
1093 8206 8414
6972 3034 9573
9466 2242 9679
8597 8540 6936
2289 9867 6491
7620 4468 1925
1366 3019 1558
2125 4191 4802
9006 4146 4716
7741 1709 9752
5900 1470 7893
6370 5505 3067
9559 6136 6151
5252 2695 7283
7677 6809 4898
9840 8039 1689
6078 8636 9494
9778 1133 2590
2428 9892 2546
4098 3343 7587
5811 1156 9237
4052 6994 1230
7492 9245 5052
7707 9021 8578
7661 5268 2168
8195 1040 6879
8473 3391 8917
9778 6850 5663
9295 3575 3555
7315 6912 3193
6722 3680 6233
3217 9315 3156
1559 1693 9014
2725 1139 1462
3479 3171 6271
7575 1270 7032
2847 2713 2930
5469 8367 9301
7660 7550 1125
8927 7927 8946
5202 2571 1119
6928 1171 9985
4502 6056 6577
9914 4882 7114
4446 7691 3398
7767 9311 4742
7892 2747 8892
2568 2075 3092
1210 8841 9828
8057 6926 5359
4427 9321 5414
9786 7326 3278
6248 3408 7351
4337 4559 6367
3896 8093 6145
3828 3098 7187
9600 9952 7071
6677 9636 6925
6689 2042 4025
9902 4785 5470
7320 6948 1893
1306 1014 2037
9340 9075 3919
8021 1642 8334
1023 6596 3799
4165 3194 4940
2586 5903 1879
1164 9809 2967
7475 4217 6560
7981 9536 9014
4222 6960 2925
4470 3683 5626
3163 9067 5744
5775 2074 1332
3500 4221 5458
8077 9358 3186
5289 3233 4114
1749 2542 4623
9671 5706 6343
9135 8301 7752
8600 3806 6311
9320 1240 1466
7661 3234 1695
3814 8023 4732
7808 2254 6015
3372 1600 4749
4742 1787 1561
5463 9528 8679
5640 9618 7692
1287 8225 4066
3759 7370 6539
3006 4697 1807
6597 7563 2014
3575 7830 7022
3792 3810 8752
1717 2295 4328
3632 8121 8433
7544 5759 1922
2532 1002 1282
5612 6325 7270
6493 5737 1313
6798 5639 3739
7382 7159 2074
1033 8520 5952
5039 7624 2576
1928 2017 7951
7429 9900 9402
4597 2185 5540
5430 7100 4448
8378 1578 9346
6868 9808 9562
3938 6196 8425
7255 5374 5681
2203 7835 5119
4155 6042 2825
7709 8980 3185
8785 5473 6190
9811 6304 2325
6018 5278 7709
5397 3561 2783
1432 8513 9430
7564 7049 7581
5928 6116 6388
4674 4267 7410
2381 5342 6636
6872 3607 8640
9815 1179 3909
8718 7376 9632
5987 6151 5791
5006 9303 4909
5659 3548 2438
1118 6692 9561
7375 5146 3601
1180 1303 6466
1589 4774 7467
3978 9778 1668
8881 5854 4996
2184 1711 3470
2690 5110 1332
3086 7374 6505
9521 5369 3665
5352 7605 4395
4288 5415 1126
1897 8586 4347
1922 7091 9458
7697 9955 9334
3462 4449 7682
4675 7807 1481
5844 6192 4334
5178 8133 4487
2345 6594 7954
4479 1725 1338
6344 2285 8796
6276 5121 7499
8229 2878 6812
3589 6864 7802
9239 3615 3324
8078 2326 9741
8385 2436 7004
3264 1726 1751
7387 5347 5031
4507 1066 7280
5482 7452 1740
4274 3586 1187
1062 3089 1719
4134 5549 7555
1400 3760 8543
5628 9087 8262
2057 8541 9033
7915 9890 8551
4886 2394 9560
2123 8018 4900
8725 6119 4912
8655 9449 9957
7922 6856 5582
8497 6222 5022
5724 6232 2719
9221 1071 5958
8161 5675 4256
6339 6780 7060
2480 5348 9594
3704 2772 7124
6121 1268 3376
8557 1064 2925
2375 4191 9244
9182 4684 7562
5976 8547 4854
2214 1801 7159
8776 2787 2833
3014 8211 4442
6735 6390 8288
7716 7058 4362
9260 9311 4271
7543 3935 1612
6732 9903 7699
5366 6898 4646
1248 5268 2112
1365 5525 2739
4536 5160 7876
8343 7224 6857
7390 8557 4601
3530 6202 8902
1256 5389 3143
3698 2386 2902
3656 2592 8181
7109 4058 5088
5664 1265 6011
7780 9268 6886
2708 9971 2449
7292 5079 9969
9926 4509 4514
5987 2036 1859
4600 3028 8877
3204 8646 2019
5171 5205 8375
6591 3695 5977
1329 4591 3444
9672 7727 2403
6324 1765 2847
9073 3721 5305
8067 1039 8101
6674 4636 6611
4104 8395 8199
6688 4087 4715
6885 8925 7833
6097 9883 6214
1474 4427 5615
2073 7790 9196
6522 2280 5499
1189 2556 4016
9380 6279 5597
3946 8474 3516
3910 9702 8389
4895 3332 1842
4370 1771 7582
5511 1859 9406
2310 2875 3607
7412 4326 3684
7671 4647 1195
7600 7433 1520
7437 2604 9038
1594 5792 9911
9548 7504 3319
5187 4707 2654
2367 4045 6937
3430 5838 2471
4451 9205 3792
4827 5936 8988
1814 4331 9763
9034 8117 6699
5920 6358 3135
5765 8392 1650
5578 5631 5432
6331 5949 7438
6951 5744 9648
2402 3259 7285
6759 6385 4374
4262 3220 5659
6661 7127 1216
5802 6063 4349
2628 6079 9936
6791 3660 8792
4347 8646 6069
3966 6194 6145
8096 1663 8036
6138 9675 9660
2160 8462 4337
1225 7788 4868
6209 8241 3103
9004 8752 9017
9109 6837 4814
2794 6280 8235
7084 1940 7997
8742 6856 5292
6867 1705 8362
9877 8690 8080
4258 6185 1929
5136 6770 9998
7916 8979 6280
5816 2526 8879
1345 5008 1216
7592 6553 2263
1092 3614 6382
5308 4815 6566
2835 2456 3776
8466 2534 2166
8979 5318 8626
8371 5734 8397
4090 5404 5879
7079 6950 4121
4637 9233 5558
7548 4786 1311
2681 3729 4503
9381 5702 1656
6565 8750 5136
4642 9871 6248
6947 2895 4281
6963 4363 5782
3885 8396 7169
1466 8028 2609
8558 3949 5556
7793 1825 3237
5470 5860 3641
4576 5692 3205
2951 9617 2296
1466 4968 7615
5274 5781 4959
5269 2811 8228
1097 1570 2229
9678 2049 9254
2849 9909 2848
1605 8082 6131
6310 3742 8425
7714 2368 7967
7281 3167 2098
1234 8404 9296
3580 5940 2854
6305 7630 9758
5112 3995 1910
6002 7081 4160
5729 4868 8547
6233 2869 7951
9892 9954 3305
3742 7585 9634
3231 4284 4064
1064 3562 7629
1136 5009 4912
2176 1646 1085
5489 7575 6230
1887 6477 4150
9339 6229 6187
8205 9879 4635
2164 4777 4221
2096 2762 2685
8149 6726 6510
3988 4148 5028
7613 1451 7325
4482 6945 2177
1365 3510 4098
1524 3968 6504
5567 8630 9278
4466 1797 3764
1858 1791 5201
2204 7988 5892
4243 5608 3952
7639 1576 5672
1443 9594 2913
2260 8695 2370
4162 7585 1883
2553 3446 2139
7955 4573 3266
6424 9423 5103
7074 9553 6351
4888 6189 3599
7894 6390 1909
2906 4131 1391
8891 7800 1049
6475 5825 5382
2358 1748 4607
2604 5381 9229
3576 2729 5574
3354 6970 6980
6395 8342 5714
8413 3241 3819
1221 4905 5459
9930 4576 7035
9455 2972 6617
7553 9538 5883
2476 6055 2397
6099 2878 7160
3816 2344 7202
9978 8771 2148
5404 4750 2671
6505 7139 3037
9781 6920 6913
6448 6115 3886
7315 5708 3125
8054 7509 4276
1684 6169 9744
8524 3579 5744
3681 7002 1085
1014 3587 5325
1824 6477 6865
4160 9283 3907
8194 3573 8176
1301 8328 6491
7237 6116 2876
8689 9330 7620
6790 4833 4220
3187 9567 6818
5719 4012 1454
6652 2818 1326
2486 4359 4031
1573 5967 9763
6526 2574 1164
7638 2179 6042
3255 4737 4823
9567 6594 8114
9126 4931 4245
8986 3431 1004
9628 4767 5716
5317 1330 3207
3010 5137 7601
8791 8939 2850
5474 4648 3810
5041 9565 9060
4040 5044 7111
5373 9756 2687
5805 9593 2786
3868 3579 2151
6159 1497 1067
9464 3700 5891
8737 9589 3877
4234 5772 2923
4636 2587 4032
5250 6318 8482
5063 9983 4964
5466 8358 4615
4477 7571 7667
9493 3504 9286
7098 1052 1166
2831 2109 6635
4579 9378 7637
7906 9452 4256
1842 7382 4949
3040 9614 4535
5429 2149 6493
3200 4644 7027
3573 7623 6715
6459 4256 8249
2808 5402 2119
7763 4701 4800
9678 3682 7265
1016 8917 1477
6730 1945 3080
4641 5174 5521
3543 1705 4604
8442 6186 9635
7467 3294 4582
6040 8353 7832
9399 5958 8226
9114 2401 3084
6267 7845 9209
4660 9001 6356
9835 1798 1028
6149 3802 5756
7629 9125 8332
1817 8767 1716
5921 5497 8794
8637 2295 2178
8706 5153 9568
5667 6274 3946
1205 9097 2500
5492 2709 7731
3591 1362 1816
7586 9820 5728
6890 5445 7088
4235 4530 6474
7095 3994 9339
6478 5645 9386
7543 9189 4104
2209 8493 9687
9815 9381 7283
1986 3101 9467
8584 4370 7465
7751 1535 3101
5788 7709 8534
6266 4734 7974
1500 1931 8417
5471 7599 3707
4325 3288 4891
6356 8030 7627
6946 8763 5086
2903 9243 4563
7303 7606 5011
1112 7437 5613
1655 1643 3760
9825 1965 9420
8666 9852 2707
3281 3945 3903
9516 3319 5578
6351 6989 5422
1251 5120 9148
9432 8357 5798
6342 7823 6486
5873 2844 6816
9913 1240 4045
3987 3772 4606
3973 6851 4721
1200 5745 5035
8243 2795 6106
2723 6703 8673
8369 8620 1935
4688 2698 7559
4038 6726 1635
2810 7357 5618
4629 1097 9540
5880 7317 5879
5937 1940 3623
8680 3438 9679
7729 1431 1637
1281 8730 5666
8102 5274 6843
5362 1653 9740
7556 1144 2144
6760 1857 4487
3406 1324 1714
5049 1312 5264
4521 3379 4615
1167 2228 5464
1305 4297 5513
1993 1097 1142
5758 3549 5073
5495 2155 1068
2740 3177 8497
8747 7275 1958
6190 9611 5045
9397 3225 6679
8937 6929 2192
5523 8061 2475
7805 8009 3400
4778 6800 4155
2553 5709 8810
7581 6600 1389
7538 5740 1699
5804 9519 3530
9816 3968 7086
8050 2715 2077
2170 5363 3497
2722 9845 3923
2519 7442 2816
6399 4859 3692
6987 8274 5526
9739 6149 4755
2260 4669 3939
7636 9467 4694
8900 6696 6690
2947 5919 1358
8299 5629 8233
7049 1242 4703
8992 1082 3720
4603 7623 6287
7299 3608 2617
9956 8708 3537
1511 6331 4705
8902 1443 9270
2597 4086 3499
1837 6412 5532
8860 4737 2624
5236 7173 4554
6248 7449 2132
2374 1383 5016
8217 3797 8634
9322 8452 7259
1480 2376 5574
6210 8735 7922
4942 8347 6642
4612 8598 5591
6839 3203 1566
7973 1864 4174
2850 4041 3750
6987 2802 8981
3594 6243 4945
6311 7595 7075
5641 1080 1168
1227 8512 1219
9230 2636 2663
3157 7909 8948
7668 6831 6744
7050 5648 9056
1400 5493 1146
7790 6216 5195
8917 4260 5401
1994 4387 3365
4786 7966 6529
7412 3924 2842
9007 6897 1258
3490 4568 7708
4026 8227 8456
7516 7140 4039
8860 2430 7545
6717 1049 2366
3703 4243 3278
3525 3827 5102
2419 4618 2668
8772 4688 5970
4568 7678 4046
1023 3921 2131
1375 2614 1046
2621 4267 9916
3571 3292 1946
6633 8427 1120
5570 2207 3276
4364 6877 1551
9654 5476 9802
7207 3312 8844
3607 7299 8318
2432 6515 1808
1264 2472 2339
7651 2398 2508
3657 7381 1147
4025 1774 5244
9313 5746 1226
1362 6934 5624
3843 3047 6298
7616 5159 7557
6552 3975 2597
3926 9419 1048
1897 9731 4539
1516 5269 6452
1885 9376 1712
5545 3890 9391
1472 6394 3562
6464 7474 4689
9464 5546 8070
7638 6244 4692
8475 3898 8966
9159 6559 8353
2249 5701 3315
8958 1028 6077
4613 2959 9125
5409 9470 3034
8480 4007 4355
7977 3143 9176
8944 9435 9489
5757 5552 2280
9078 5667 1781
8237 1111 6868
7023 7403 9061
4777 9872 7696
7389 7045 8257
8012 2427 4088
3755 2496 7675
4963 9120 8620
6975 4622 4606
3959 8749 7684
5814 2294 5424
8345 3500 9406
6481 3423 3868
6768 3606 9490
8876 8163 8766
6417 5981 2740
3311 6767 7362
9520 2769 9791
7686 1820 6524
3286 9779 3870
3876 9204 3564
7650 7087 6787
8144 1083 6118
2520 7286 3884
6804 9822 3722
8379 5203 4254
1421 7181 8609
5969 8019 6006
9993 3535 5701
1518 9759 7797
5634 7354 3081
8381 5347 6579
4281 5286 4941
7368 5734 7821
2732 7586 4243
3946 2491 8717
8960 9063 4673
1356 9237 8045
2786 4812 2940
3343 9206 4437
7590 2641 6236
5758 9335 6413
8278 4009 4567
1026 3954 1215
4506 9311 1215
5517 9869 8610
6937 8385 9942
7206 7978 4093
7016 4603 5535
9819 9192 6614
2124 1233 6281
1221 7744 8861
6321 7518 8770
8572 3527 8824
7694 8163 1244
1515 9723 3457
8795 2124 8362
3133 3705 9856
6809 9265 2496
7277 4368 1993
6947 4075 2513
3088 7043 8758
6793 1978 6298
5829 5921 1413
1276 1008 4508
3416 2177 1853
8876 3544 9469
8792 5652 2894
7836 9695 7169
5039 7868 8098
9815 9971 2556
1709 3432 1790
5515 2107 3966
4611 2755 4624
8667 7689 5920
8439 1501 6938
1437 8388 9858
2066 7558 6099
9914 8720 9825
8286 6463 1240
7599 5560 4190
2938 7372 4630
6687 7368 3948
8106 5366 7955
3167 8473 5273
4189 1060 9661
8503 1227 7033
5363 3294 7484
8679 6677 5438
2222 5680 1563
7027 8308 7871
7113 2066 1799
5946 5546 8892
7631 6670 9941
2764 1883 3037
1272 3009 9000
5878 4516 9591
1563 2636 5493
7114 1584 7486
5631 4986 7974
5910 4446 2156
5369 8946 9113
2712 7121 5284
3915 5579 4045
9892 5065 9401
2105 9035 4104
7578 1575 4258
1716 6407 6965
4374 2033 4216
3867 4949 3224
8828 6664 5276
7228 1045 6686
5588 4075 3101
3055 2945 5625
3928 2619 8633
6591 4186 8077
1096 5921 6216
6670 6192 7107
8328 7610 7504
1453 4994 3228
2057 6822 1263
1238 2954 3383
2057 8543 3813
6934 3869 8667
7084 3357 7578
1412 8097 2495
9351 9248 6761
7830 1777 1979
5493 2545 4888
6142 3145 4158
2843 4687 5002
6488 8615 9261
1447 7266 9503
3821 6852 5402
5241 3265 8461
8168 5766 2630
5010 8527 8311
1090 4690 7001
4618 4922 8202
8614 3682 3530
6986 8757 7366
8238 6028 6766
5072 3454 1160
1037 4095 7147
5180 2250 9144
9825 3491 2360
6222 2579 6720
3318 8265 8229
6613 6830 8906
4783 1443 4470
6828 9284 4485
1696 9759 1351
9083 6395 2032
1040 1457 4010
5226 7358 7767
7891 8786 6147
2986 3122 1405
9135 6400 6480
4545 4030 8843
5545 4125 5072
4986 7153 2747
1410 9282 2785
1098 4795 1948
1870 6784 5985
7884 8535 8993
2251 4525 1721
4954 8810 9851
3947 4260 7212
8015 9186 4304
3473 7909 2021
3408 4192 7721
1214 2341 9869
6543 9777 8846
9988 8314 7754
1709 5488 4351
6705 4967 5988
7448 9378 3286
3233 7606 5493
3704 6152 3489
5131 4417 9439
8884 5252 5910
8632 3965 9169
1822 4541 1288
6248 6258 9880
1150 8461 2527
8064 8000 7512
5268 1169 5605
2067 7374 3301
3379 7434 8923
5350 4310 8664
5532 2151 7550
5361 2908 6701
9187 6999 5041
9036 4105 2288
9638 2896 3434
6804 2830 8187
5636 7292 5068
6330 7097 9185
1865 2055 5102
7023 1103 4579
2595 3236 9781
1307 5390 3072
7420 9654 2625
6515 4389 6007
3729 1211 4133
5787 6966 5767
2188 7305 2866
7470 6010 7682
9810 4133 9634
4845 8237 3188
6143 2361 9734
6640 6172 3234
1606 1834 5444
9033 7755 7089
2171 5170 7525
1518 4823 7112
3733 6189 8423
3980 5819 7068
6513 6897 4337
7238 8089 4544
5928 9464 4780
7218 9498 1422
8200 1453 5139
3948 1532 4617
1315 5060 2353
6678 7594 1247
7372 1641 8563
8262 9045 6258
3117 7238 5256
7539 7840 1433
3357 8618 3484
3853 2468 8147
7692 3316 3865
4279 5783 6419
5683 1115 4792
9924 6325 1369
2493 5077 6959
2263 3263 6395
4547 3690 8611
8284 6903 7925
6739 1701 7521
5722 4233 4322
8954 2863 3367
9614 7939 4342
3501 2993 2599
8289 9986 6902
3989 6011 5585
5061 6194 1258
1312 1746 1907
5246 4545 2659
6888 3587 8520
2182 8678 9984
1660 1628 5962
2525 4838 9420
3637 4529 4711
3116 3278 7648
1549 10000 7248
9336 4536 1673
7056 5670 9259
7682 4837 5533
8707 9706 9271
2566 4614 9620
8821 5908 9439
7840 6257 4048
9264 4384 7099
2891 1067 3595
7285 7191 4115
2673 6335 1425
6568 6568 7222
8181 3908 3100
4292 5211 8241
8552 2693 6009
5796 1270 9153
3482 1255 4825
9408 4030 2353
5577 4752 8277
4318 5388 6897
8683 1134 5757
7553 2671 1732
9822 9255 4669
7929 4912 5105
1769 2325 1311
3401 3374 8835
5471 8228 3893
6253 2493 8116
2117 6276 3439
8017 3305 8692
8565 5777 9198
4918 3631 8683
7021 5453 9829
3886 4343 1846
2296 8148 3628
7022 8700 6175
8162 6486 4807
4489 4381 9901
5752 3267 7516
2938 6047 7988
5746 7967 5199
1054 3840 5042
1379 2238 3317
3422 7266 9374
7214 8643 2096
4015 5654 7082
3892 4976 2362
5401 9441 9128
4905 8405 3919
7991 4095 3732
1540 2153 3430
1086 5777 3460
8659 6222 2682
1151 1978 7912
3591 8442 4838
4371 7190 6206
8265 7152 8286
2114 4830 1980
2023 5462 4276
8268 6852 7416
9806 5362 4732
6345 4741 9723
2565 4787 6191
5121 1338 9866
7607 8364 8421
8113 8219 8146
5946 6001 5722
9629 9018 4501
7052 3884 3341
7887 5595 8665
7710 8456 6596
1089 3073 2513
3552 4518 1275
7916 2203 6198
5491 4277 3809
5960 2904 7188
5818 8326 4913
4450 5038 8720
5584 3155 9312
7306 8560 4757
7359 4703 1470
8458 8435 5237
4296 4997 4010
2425 9630 7297
9970 8849 8591
3720 3229 7068
6227 7425 8511
1369 4748 7263
2034 9889 5757
4451 4278 9545
4465 9062 9259
8892 5038 9269
2630 4219 4730
3028 3729 3415
1312 3834 9800
3073 8447 5263
7004 9740 5505
2605 3343 1473
9769 6054 5523
9980 4901 8636
1671 5723 2790
2682 7886 2000
3317 6037 9874
5508 9697 1967
8183 9490 6172
4570 3896 9931
8396 9317 7808
2642 7794 7262
7000 7558 4717
1648 4816 1712
1707 4775 3934
9365 3834 5105
6959 3106 7555
7690 5011 3903
3319 7642 6804
4886 9036 4443
5358 4994 7966
5679 9392 5547
4072 6939 8554
3940 6691 1237
9455 7063 4151
9658 5297 5097
3579 1862 7706
4409 1242 5181
7212 4806 4962
1665 4902 2718
7889 4089 5828
5092 1664 9790
3544 4291 1293
8424 2031 8299
7998 8561 7174
2691 5674 2786
3864 6342 5603
6370 9530 5356
9061 4280 4489
7140 4683 8522
3837 1957 2060
2429 6681 8412
6397 1857 8040
5072 7172 9163
1439 6447 3462
8987 3044 2348
3001 1612 1471
2447 1427 1984
6560 4340 4087
9995 4589 7092
7335 7068 9780
7481 2481 8089
6438 8089 8509
9435 1862 3276
8182 1277 2615
5679 1065 1668
8811 9227 6505
5450 4832 6541
8866 6314 4550
3256 4008 1651
3493 1180 1194
8239 1690 3675
4971 9591 4509
1069 8860 1078
6262 1419 9545
6781 1533 4028
3151 7149 5358
1359 7348 4666
2394 8393 4664
5422 4713 3730
3575 2676 3553
7530 2728 7622
9975 2105 4016
1202 8044 2325
5327 3109 5825
5958 7245 7649
1221 4067 4357
2801 2212 2567
4696 5588 7539
2854 6993 1412
6536 8034 4953
8620 4101 8945
6198 3565 1547
5875 5617 3672
1928 9406 8077
7160 4430 6917
5532 1570 6624
4802 7880 6131
9272 8765 4311
5674 5702 1090
3944 9226 3427
8480 6805 7735
9901 2205 3576
3727 1342 5234
7270 8694 5001
1365 1479 3825
9282 6109 3488
6833 3247 2749
1177 3579 7581
7244 4015 9553
2476 1284 6038
6795 8609 1529
2352 7929 6655
5311 8556 2679
3698 1226 7298
6908 7405 4187
4616 7832 8599
3751 4401 8160
8267 1333 1945
3598 9645 7531
3935 4364 8615
3509 6334 6503
2276 2376 8065
5366 4910 3814
9780 4589 9262
9089 7183 4234
8975 8718 1777
3292 3676 2209
2987 2595 1262
4357 2874 6942
7320 7499 8281
7085 9633 9227
4743 2098 9275
9837 8831 7178
2165 1194 5255
3145 8646 9429
7817 2803 2903
7516 6126 8552
3266 9276 1156
2782 8039 6248
4163 1871 4515
1050 6738 7251
8831 6374 4665
8604 2981 1062
9395 3072 8181
2582 6645 7784
4512 6754 5468
4531 7252 8256
4069 4536 3363
6236 4525 5279
2369 8179 9296
9455 6031 8927
6912 9014 3693
6822 4116 3583
7530 7778 8642
3622 5379 1968
1331 5361 9461
6410 4068 8042
4809 8229 3600
4154 7970 1894
6584 2917 3551
5688 7225 7545
2292 1215 5357
6633 8793 1152
5412 5197 6358
7796 6541 9073
2616 3175 8517
6566 5560 3643
6307 1310 9869
1530 1349 4862
6621 4758 9122
2073 6334 4984
1506 6909 8758
1951 7022 7225
4490 4710 5318
3137 3168 8575
8871 8689 2970
8563 7874 8008
4247 4299 6743
3849 7989 3270
7125 8644 2467
9746 1460 3472
3242 1562 4377
2248 7964 1402
8174 8280 9328
7385 8016 3320
8472 8070 4622
7282 8137 3565
7359 9524 5719
5497 1201 4619
1604 6946 8594
3324 6883 7599
9891 1637 6581
3381 1696 2606
4301 1066 1323
8231 2379 2677
1728 9445 6751
3153 8801 1105
2510 9698 4597
1510 8581 2342
4010 6221 2167
2717 4935 5664
2320 5753 2139
3159 7969 1046
9398 4060 3145
1805 6609 7999
2661 4743 5878
3333 2085 3144
6357 9343 2062
8339 3264 2131
1964 4992 9823
5634 9608 2941
4263 3598 9853
2080 6235 5485
6204 8430 2659
4518 2157 9284
4067 8186 3867
3475 5033 3697
6923 8945 1597
9074 9406 8984
5191 8378 3961
8912 3275 5326
4449 2504 5395
8508 7912 2585
2624 4665 7992
1422 7873 8686
8934 5920 6579
4478 3535 8929
7272 8556 8032
1658 4804 4397
5046 1072 3022
5703 5097 1345
6783 5142 3295
9495 9307 5156
4266 5988 4375
1781 7966 6656
8526 4471 9834
9221 5674 7423
3939 5823 1919
4860 7374 8879
9541 7359 2401
4996 5785 7632
3272 5790 8335
5309 3148 5404
8153 7014 3888
7595 9225 2209
4481 6116 7656
1997 1702 7926
7530 9851 7246
9516 6732 8780
4431 5802 2187
4360 1677 9635
9456 3494 1246
5660 7575 6869
7633 5934 5900
3840 9684 2479
8042 9776 3792
8040 5767 4482
8221 5136 7802
7086 3121 3731
4296 6196 1604
4247 4924 5389
1163 6705 1876
2696 8429 4103
1800 1932 6937
6543 4135 3116
7100 7318 4082
2307 6846 3465
2453 9759 2565
7041 5499 1558
7754 8465 4942
2387 6690 6454
5727 2261 4591
2644 7800 6640
6947 4405 3685
1615 8012 8418
4178 6360 3792
7766 2127 4561
8426 7904 5450
9994 7743 7838
3597 2107 4568
4981 2675 3007
3258 2453 2036
5339 7194 8589
3465 3561 2478
7832 6275 4411
3868 2021 7325
6283 9616 9810
8248 1937 9521
2770 5727 4239
4014 1469 4661
4802 3603 9333
7759 2143 6782
5431 6621 1547
8311 8214 5623
2582 1285 4040
3038 8057 3057
9730 1591 7619
9797 5727 8853
3429 8501 1927
4740 4210 6416
8285 5103 8319
8573 1705 6054
4312 2487 3520
1635 5865 3555
3992 6577 6685
7302 9182 1484
9273 1968 8443
3404 9031 1450
5929 7628 7381
2543 7992 6427
2474 4640 9470
8838 2661 5360
7033 8247 2686
5804 8403 6892
7335 3695 3109
7919 5881 5375
2011 7996 4231
3515 5046 9727
7954 2860 5408
3032 8403 1897
5611 4972 2876
3658 8229 2060
2217 7512 6120
9156 4207 2801
7397 4839 4961
1386 1951 7700
6331 5042 7605
2810 3048 1678
1612 4505 2714
5492 6116 5219
6477 1700 9432
7243 5815 8135
3583 3084 8063
6420 6583 9208
6545 3219 6056
8272 6464 9064
4505 6527 3178
3176 7811 2594
7251 9156 4011
7153 9130 3850
6863 2414 9142
5418 5012 4022
3850 1061 7777
5225 5907 7522
7936 1238 3179
6286 7031 3143
2475 1602 8804
4536 5481 8964
2112 3120 8248
3303 6923 8402
9817 1683 1097
2025 7336 5118
8699 8278 5136
9085 3120 6830
6804 7558 6236
2939 8077 6988
1337 2129 7012
6520 8744 1990
3181 7042 9725
3465 4573 6117
6853 2854 9182
8986 3622 2232
1059 8743 8859
6245 5609 8677
9778 9166 8136
8836 4233 8533
7138 2800 1546
8769 7631 5146
7108 5290 5964
2970 5612 3976
6717 3494 7602
5912 7801 7900
8690 1740 2365
5911 1867 5952
4980 1882 6769
3351 5177 4911
3137 1796 9571
9172 3999 5329
8772 2128 6725
3487 5160 9304
6174 2240 3357
7475 3567 5403
4013 9260 3505
7738 6943 4620
7261 6878 6406
4518 9130 8197
1009 8463 2801
4639 4478 9517
7499 4605 1938
9891 5924 8306
4424 7523 5644
5004 5490 3330
4822 9100 9533
2476 9524 5734
1298 7122 7379
1759 4759 9589
3650 5462 3413
2197 8654 6659
4492 1062 4448
1342 2413 7697
6998 3865 2586
8974 6283 9946
9838 2798 9123
2955 2114 5559
6234 8922 3554
9166 4365 5958
9089 8072 4535
4823 1096 6456
7739 2665 1241
1527 7671 7539
2376 1040 6125
1969 1251 3110
3509 6029 4377
8544 8888 1888
8505 1968 8935
1314 7846 2655
1441 1871 6010
2363 6033 3406
8730 6235 6183
3378 8538 6944
9910 8042 5622
9026 5019 8939
1774 1866 2229
8587 6337 5652
8892 6328 3063
9176 7617 9838
4023 6891 7547
3266 3269 9119
2055 8718 2941
5460 9811 1124
1459 9826 3034
9201 8731 3642
4718 3035 1206
5981 9651 5698
6987 1751 2721
9927 3870 8188
3596 9928 1345
5403 2988 8431
3774 4114 3248
2291 8500 6711
4389 3264 6727
1697 3493 1919
9807 5751 7758
7484 2347 2556
4503 9134 5768
8390 3736 1539
4920 5241 4793
7832 9281 2541
2757 9086 8460
9264 2896 3692
4381 5101 5153
6499 5778 8123
5386 1483 6869
2687 4131 3372
5802 6805 5256
5969 8592 6449
1957 6810 2274
2161 2731 3954
5057 4878 2201
2625 3936 3906
4048 1897 5579
7295 1975 3021
1267 9786 1361
7939 6708 2643
2073 7939 1625
2252 4437 5127
2214 5192 3771
8760 5237 4002
2415 8159 9444
5546 5970 1054
4846 4861 9850
8096 5903 4389
4738 4951 8353
3512 5829 3151
6131 8988 2961
6948 9891 1287
3882 2046 6088
5476 1575 1810
2342 8191 5423
7548 9577 2772
5796 9180 8704
1834 8836 1698
8658 4660 8107
7863 3025 9100
7449 8499 6231
6845 5915 1439
6277 8471 4696
3680 2964 4778
2181 5054 1369
6178 7526 5414
3976 5349 3604
3567 6909 6107
3831 9841 3796
7535 8731 9451
2640 4844 2854
2080 9833 3510
8796 8984 8643
5881 8989 8688
5753 9316 9318
5554 4450 1861
1687 2379 6428
6763 6045 7879
5593 4505 7430
8128 4258 3815
6794 2827 6946
2932 2657 6000
4672 2723 1330
6512 8308 7591
5684 3168 9665
1047 3156 2654
8381 8094 4144
6979 3640 6289
4493 4273 2010
1619 9214 1389
2812 7542 8233
3375 4080 6035
7366 6694 4512
2028 5211 6456
9243 1096 3913
1916 4793 1046
9990 8821 5810
4523 2421 5830
6835 1843 3412
9924 9537 5530
4488 5902 3192
5200 5268 5259
3508 3299 4643
7659 5827 9525
7253 2713 8967
4687 4934 2180
7549 5745 3191
2747 1487 5130
6196 2107 6308
1305 5829 7905
8237 6482 6038
5617 8475 2788
8044 6423 3315
3781 2902 8078
6530 8647 3251
2114 6622 2807
1827 1035 8729
9992 5386 8920
2098 1118 5639
2538 5725 5956
1806 3659 1879
3521 1508 4556
1710 7765 5671
8756 3467 4738
8445 8184 2564
4151 3294 4486
6527 8000 1969
7679 1584 7440
6388 6989 4042
8087 2428 8128
6916 7343 4614
3318 6972 5516
3568 2877 8735
4847 8323 1072
8527 4566 4147
7290 1415 5108
2155 6928 7624
7178 4410 6977
8890 1808 6431
4154 8102 6153
5141 5818 8509
3668 1256 5044
3350 2331 9410
2060 4370 9656
1072 1308 1961
4200 6394 6600
5973 7167 6032
4012 1527 3846
4020 9552 1459
1198 3396 9769
5873 2030 2364
8419 1853 9923
2067 6738 1850
4829 5619 8368
6791 5583 3567
5835 8835 6574
2998 9710 9872
1525 4270 1131
7990 1638 4034
8434 9802 9548
1442 2364 1400
4289 2342 3676
1902 3585 7413
8969 7838 8578
5202 3124 2632
6961 6686 3299
4581 6446 8517
1657 3792 3195
4923 1894 6275
6180 5702 9058
1974 8919 4025
9167 2706 7458
1311 8303 1645
8843 6176 3517
6253 7198 6127
9402 4243 1916
2422 4953 7297
5214 4246 7658
8346 3166 6574
8153 8727 4560
7220 3880 8801
7362 5140 5554
1575 3898 9430
2269 8572 7513
1450 5106 9652
5376 9260 5191
1895 4566 8596
6677 9724 9890
8564 2791 9581
4550 6984 2567
5469 5694 4549
3578 1606 8916
8169 4449 1460
2581 5364 3981
5102 8012 8249
8007 8682 9768
2858 1769 2472
8607 3296 9323
5195 4719 1420
2856 2990 7308
3779 8945 3267
8142 4438 5341
3944 5488 6586
1787 7846 1588
5533 8137 9696
3615 4016 5422
3152 3197 1149
5341 4853 6318
6168 6418 7620
7560 7442 3659
5700 8793 5406
5125 2543 5213
1897 5339 9145
8509 9177 1338
5395 8820 9499
4460 5206 8729
4591 4191 9988
7767 1331 1835
5179 3560 5886
7481 3016 9399
7280 3770 1850
5145 9364 4554
3721 8764 5030
3557 4149 4268
2950 6606 4595
2129 2095 9218
4761 3624 4512
3668 8057 4541
7877 9391 5465
4517 1254 4689
6484 2094 4798
1011 6520 7046
4025 5750 7318
9606 5407 9419
3005 6154 9719
6963 8837 4848
3462 4151 5569
3073 7255 2207
3124 2541 7999
3010 6325 3535
8680 5332 7719
9810 9286 4222
4851 5794 8118
3110 7304 8516
5932 4139 3959
2908 3900 1656
4014 4927 6547
8349 3980 8132
5969 3067 1684
4545 9721 8415
9124 1984 2744
5889 2653 1420
4548 5623 9283
2101 7770 8317
3868 8239 8515
4016 3563 9283
3635 5071 9773
2008 7978 4940
2414 2883 7716
1231 7526 9684
1924 5603 1460
4605 4766 5732
4317 4545 2906
9980 1357 1977
6954 2128 6393
6343 7976 4857
8671 4989 6769
5556 7051 3386
9105 9479 8298
8516 5356 1250
6375 7009 4943
2009 2766 8931
1474 5889 1507
5422 5308 7026
4993 1229 5304
6794 5219 6465
6425 3413 6503
4107 7880 6060
9206 6458 9893
8885 5577 4564
7725 1303 6311
9681 2963 9447
6594 7025 1402
5379 3696 3519
6570 5536 7460
9660 4798 1226
4550 1738 7008
1742 7862 4801
6781 8790 7533
6106 3520 5157
3829 9131 6524
4750 4585 8781
8464 5108 1478
6830 3775 7427
2802 9563 6468
6457 4609 9913
3883 5589 8725
5627 6148 7560
